0.0004836550627289986
0.0009886336665290525
0.000507085932526337
0.0005157379083682132
0.0009614049635021608
0.0009651272863517076
0.0004338561878177629
0.0006144121884936746
0.0004930804584677769
0.0004086317059273526
0.0005582582948632994
0.000523166587266523
0.0005157379083682112
0.0005510796005259826
0.00043385618781776247
0.0005534623197066737
0.000988633666529052
0.0004086317059273549
0.0007273520174732027
0.0005690701681686809
0.0009033932307372112
0.0004836550627289986
0.0009651272863517068
0.0003618092596577283
0.00035278122315597496
0.0006922195264079259
0.0007273520174732033
0.0006165634456866773
0.0007273520174732016
0.00047165840969402243
0.0009866419630996373
0.0006165634456866786
0.0005524945434147205
0.0005921871894285376
0.0005252993137032165
0.00037076225686096843
0.0009614049635021608
0.000361904672557937
0.0006165634456866765
0.000361904672557937
0.0007470288677132357
0.0005157379083682116
0.0007955462481284769
0.0004086317059273552
0.00043385618781776204
0.00036190467255793526
0.0007955462481283513
0.0007273520174732018
0.0005424718557928994
0.00035278122315597713
0.0003491438609159472
0.0006757501686726099
0.0003618092596577283
0.00036190467255793656
0.000558258294863299
0.0003619046725579348
0.000961404963502158
0.0005690701681686911
0.0003618092596577303
0.0006312475399331465
0.0005877844788858158
0.0005582582948632981
0.0007273520174731979
0.0007655749243038451
0.0005510796005259645
0.0009651272863517076
0.0009789423056928105
0.0003527812231559782
0.0004918821174050376
0.0006165634456866769
0.000515737908368213
0.0006144121884936792
0.00043385618781776377
0.0009886336665290525
0.000569831583890317
0.0009614049635021577
0.0003618092596577296
0.0007273520174732001
0.0005582582948632977
0.0006757501686726116
0.0006883584920216256
0.00048365506272899815
0.0005070859325263357
0.0004086317059273552
0.0006609348946601762
0.00035278122315597735
0.00037656563918277847
0.00047943781184714906
0.00044301477579815275
0.0007619799843653573
0.000795044796027993
0.0003796433665407866
0.0008022403546933165
0.0003367469195505592
0.000765574924303845
0.000765733182915727
0.0006757501686726116
0.0007248547018451868
0.0006757501686726099
0.0006165634456866799
0.00044301477579814907
0.0005510796005259696
0.0007537597980891305
0.000688358492021627
0.0006757501686726112
0.0005806926074947384
0.00044301477579815145
0.0004338561878177629
0.00043400560486891266
0.0006883584920216223
0.0007624601792917043
0.0003680943266998057
0.0007273520174732023
0.0007624601792917103
0.0007624601792917047
0.00048365506272899826
0.0007273520174732023
0.0004436967014557012
0.0007273520174732049
0.0005070859325263322
0.0009886336665290499
0.0005231665872664978
0.0006144121884936794
0.0004930804584677613
0.0009651272863517024
0.0005690701681686887
0.000727352017473204
0.0005070859325263348
0.0005440533258716847
0.0005436106941284682
0.0006144121884936789
0.0004930804584677645
0.0004964041045187302
0.00048364097873414844
0.0004220697890972456
0.00047165840969402243
0.0005144872255887843
0.0005080037146759598
0.0003750843052855897
0.0005157379083682119
0.00037452664703185087
0.0009074866391370721
0.000504678306958771
0.0007790759355998492
0.0003762634777510314
0.0007288953997091415
0.00037656563918277673
0.0006036805843821378
0.0005065537105250079
0.0005933878809563859
0.0007126897485195695
0.0005695885135833371
0.0004964041045187311
0.00048364097873414757
0.0004220697890972476
0.0005124587298768121
0.0005144872255887865
0.00042206978909724687
0.00037508430528558623
0.0005157379083682132
0.00036190467255793764
0.0005996098465431551
0.00037626347775102857
0.0007288953997091376
0.0004964041045187311
0.000483640978734148
0.0004220697890972452
0.0005231665872665226
0.000514487225588781
0.0005080037146759611
0.000375084305285591
0.0005157379083682114
0.00037452664703184913
0.0005119762359083275
0.00037626347775103356
0.0007288953997091418
0.0004964041045187321
0.00048364097873414714
0.0004220697890972456
0.0005231665872664983
0.0005144872255887847
0.0005080037146759581
0.00037508430528558796
0.000515737908368211
0.0003745266470318552
0.0005119762359083269
0.0003762634777510288
0.0007288953997091393
0.0004964041045187311
0.00048364097873414887
0.0004220697890972456
0.0005196451964122068
0.0005144872255887856
0.000508003714675959
0.0004874524097077462
0.0004284362785632915
0.00037452664703185087
0.0005119762359083258
0.0003421187765897376
0.00034914386091594585
0.0005534623197066741
0.0004755701372486515
0.0003421187765897389
0.0004964041045187315
0.0005830625044515865
0.0007064695450080031
0.0005070859325263352
0.0008100858384822998
0.0002845314220534939
0.00037076225686096843
0.0003542814117877919
0.0005077737826100657
0.0006597715241025201
0.0004220697890972456
0.0003491438609159463
0.0003619046725579368
0.0007919852769661373
0.0008077479864906299
0.0008856997676095263
0.000496248330904688
0.0009934451926748833
0.000772639787839996
0.00035542458483117374
0.0006189233982027659
0.0007655749243038442
0.0007655749243038459
0.00035571852354066567
0.0008106221904705584
0.0008542546347691015
0.0008753938961348446
0.0009764946941647412
0.000599413486309962
0.0007056564204037368
0.0007372450445972457
0.0004942788199967015
0.000746671166580247
0.0006209567525392624
0.0004284362785632913
0.0005937913602250375
0.000764779106283518
0.0003421187765897376
0.0003491438609159476
0.0005534623197066726
0.0009566111961512038
0.0003421187765897376
0.0004964041045187311
0.000607031070343194
0.000622599037800607
0.00028453142205349564
0.00037076225686096843
0.00035428141178779366
0.0005452712083722135
0.0006597715241025192
0.00042206978909724714
0.00034914386091594845
0.0003619046725579361
0.00028453142205349564
0.00036190467255793786
0.0003491438609159476
0.0004220697890972477
0.00044574978686750047
0.0005162927516930375
0.0003554245848311748
0.0009720667529657095
0.000342118776589739
0.0003491438609159453
0.000553462319706675
0.0009709878376099382
0.00034211877658974106
0.0004964041045187318
0.0005830625044515839
0.0007064695450080087
0.000507085932526337
0.0008100858384823006
0.00028453142205349516
0.0003707622568609656
0.00035428141178779323
0.0005452712083721949
0.0006597715241025194
0.00042206978909724475
0.000349143860915945
0.00036190467255793504
0.0007919852769661356
0.0008100028292900695
0.0003554245848311742
0.0009720667529657286
0.0003421187765897367
0.00034914386091594845
0.0005534623197066763
0.0009709878376099774
0.0003421187765897367
0.0004964041045187302
0.0005830625044515856
0.0007064695450079948
0.0005070859325263335
0.0008100858384823004
0.00028453142205349564
0.00037076225686096534
0.0003542814117877954
0.0005452712083721966
0.0006597715241025209
0.0004220697890972465
0.00034914386091594845
0.0003619046725579361
0.0007919852769661387
0.0008100028292900656
0.0003554245848311757
0.0009720667529657338
0.0003421187765897376
0.00034914386091594715
0.0005534623197066756
0.0007215782523397863
0.0003421187765897376
0.0004964041045187328
0.0005830625044515858
0.000706469545008
0.0005070859325263352
0.0008100858384823013
0.0002845314220534939
0.00045065342200239404
0.0006597715241025209
0.00042206978909724606
0.0003491438609159463
0.000361904672557937
0.0007919852769661395
0.0008100028292900713
0.0006162198970525064
0.0004338561878177627
0.00048364097873414887
0.0004457497868674996
0.000675750168672612
0.00044979985068704237
0.0005917786843236225
0.0004663487954977417
0.0003036121918383993
0.00036180925965772874
0.00035278122315597773
0.0005080037146759598
0.0005419191899408964
0.0006692293468227254
0.000489776261362607
0.000869227874507232
0.0005642258319473825
0.000639589944452039
0.0006189134296982601
0.000926678741358798
0.0005243077790338486
0.000482458657977209
0.00044862509197396644
0.0009264022711013217
0.00030635350491143784
0.00035395035091758623
0.0009607663246828492
0.0004836550627289986
0.0003280485767671041
0.0004625366511862304
0.000854901622203575
0.0006654794198228219
0.00027032065973500073
0.0003680943266998055
0.0006359766875836147
0.0005073400724237278
0.00047161995465359006
0.0005396199320535887
0.0004966167944017658
0.0008974063702741619
0.0003120838740506039
0.0003537890064954207
0.0009875336683480666
0.0005162927516930383
0.0003135382722057515
0.00035374663886347693
0.000979344869221932
0.0005073400724237278
0.000981899699837617
0.0007415771466963937
0.0004665875268064438
0.0007775033553643434
0.000860262831256934
0.0006731610795017435
0.0006594735245830344
0.000526635252395895
0.0008065766279646337
0.0004590294609666811
0.000585136565541901
0.0009045415539476445
0.0006666286189590228
0.0007949589622873185
0.0005571831877394408
0.0006092569503853265
0.0006526614613364019
0.000840521968206862
0.0008948536350244962
0.00048110430438279305
0.0004504421683078075
0.0008820610005674146
0.0003135382722057522
0.00037656563918277933
0.00033479596909532627
0.000667676283975734
0.0006539461905385904
0.00048389825765393114
0.0004506534220023945
0.0005191584774805755
0.0006162198970525072
0.00043385618781776377
0.000483640978734148
0.00044574978686750047
0.0006757501686726125
0.00044979985068704237
0.0005243077790338495
0.000482458657977209
0.0004266986962747248
0.000685031630792498
0.00030635350491143437
0.0003539503509175858
0.0009607663246828503
0.000483655062728999
0.0004716199546535892
0.0005630676729916932
0.0005416647103762622
0.000795860586574694
0.0003120838740506039
0.0003537890064954194
0.0007925449573007682
0.000715756540570768
0.0006162198970525038
0.0004338561878177629
0.000483640978734148
0.0004457497868674985
0.0006757501686726107
0.0004497998506870413
0.0004834300722385888
0.00039226083610655136
0.000303612191838398
0.00036180925965772744
0.00035278122315597453
0.0005080037146759611
0.000541919189940889
0.0006692293468227261
0.0004897762613626061
0.0008692278745072423
0.0007277232013343489
0.0006395899444520273
0.00039226083610655136
0.00042832980107324883
0.000733143972242209
0.0003628655471070814
0.000618913429698257
0.00044859653529967037
0.0005243077790338493
0.00048245865797720734
0.0004266986962747337
0.0006850316307924325
0.00030635350491143605
0.0003539503509175889
0.0009607663246828486
0.00048365506272899717
0.00047161995465358963
0.000563067672991693
0.0005416647103762776
0.0007958605865747071
0.00031208387405060045
0.0003537890064954231
0.0007925449573007671
0.0007157565405707632
0.0006162198970525081
0.0004338561878177634
0.00048364097873414627
0.00044574978686750047
0.0006757501686726092
0.00044979985068704237
0.0004834300722385996
0.0003922608361065444
0.0003036121918383989
0.0003618092596577296
0.0003527812231559779
0.0005080037146759581
0.0005419191899408982
0.0006692293468227228
0.0004897762613626077
0.0008692278745072212
0.0007277232013343396
0.0006395899444520477
0.0003922608361065444
0.00042832980107324124
0.0007331439722422126
0.0003628655471070991
0.0006189134296982609
0.0004485965352996771
0.0005243077790338495
0.000482458657977209
0.00042669869627473024
0.0006850316307924487
0.00030635350491143437
0.0003539503509175871
0.0009607663246828527
0.00048365506272899945
0.0004716199546535918
0.000563067672991694
0.0005416647103762759
0.000795860586574694
0.00031208387405060045
0.0003537890064954207
0.0007925449573007708
0.0007157565405707601
0.0006162198970525098
0.00043385618781776204
0.00048364097873414844
0.00044574978686750047
0.0006757501686726116
0.00044979985068704193
0.0004834300722385996
0.0003922608361065453
0.0003036121918383976
0.00036180925965772874
0.000352781223155978
0.000508003714675959
0.0005419191899408973
0.0006692293468227228
0.0004897762613626077
0.0008692278745072298
0.0007277232013343368
0.000639589944452042
0.000392260836106544
0.00042832980107324146
0.0007331439722422124
0.0003628655471070966
0.0006189134296982588
0.000448596535299676
0.0004413717356036655
0.0005419191899408951
0.00035395035091758623
0.00035428141178779323
0.00030479086524564
0.0003747659088857828
0.0004515081396837123
0.0004757890251230173
0.0005891732029005775
0.0004086317059273548
0.0003537890064954207
0.00035542458483117396
0.0003044878453368361
0.0003747043241919658
0.0004794444029669865
0.0005254607653396842
0.0005098865951885865
0.0004436967014557012
0.0003537466388634772
0.00035571852354066534
0.00030441795669988855
0.0003746901275307723
0.0006764770096038049
0.0005103184808599884
0.0004278577972046558
0.0005553077443842095
0.0008199716210759347
0.0004278577972046558
0.000575927738195427
0.0005998906350673638
0.0003539503509175858
0.0003542814117877928
0.0003047908652456365
0.0003747659088857852
0.0004526305255170516
0.00047578902512302075
0.00044983208978014973
0.0004086317059273522
0.00035378900649541984
0.00035542458483117396
0.00030448784533683177
0.00037470432419196755
0.0004631397107429851
0.0005630676729916919
0.00041216809974037273
0.0004561411849926893
0.0005694950568572621
0.00044301477579815167
0.0009497061473160142
0.0005419191899408895
0.0008316130372346959
0.0005866561709661622
0.000703046788186478
0.0007249439370411173
0.00035395035091758856
0.00035428141178779334
0.00030479086524564107
0.00037476590888578325
0.0004526305255170538
0.00047578902512301555
0.000449832089780138
0.00040863170592735494
0.00035378900649542266
0.0003554245848311743
0.00030448784533683546
0.00037470432419196625
0.00046313971074298313
0.0005630676729916928
0.00041216809974038357
0.0004561411849926876
0.0005694950568572643
0.00044301477579815124
0.0009497061473160255
0.0005419191899408982
0.0008316130372347016
0.0005866561709661499
0.0007030467881864895
0.0007249439370411452
0.00035395035091758797
0.0003542814117877954
0.00030479086524563825
0.00037476590888578737
0.0004526305255170542
0.0004757890251230173
0.0004498320897801393
0.00040863170592735434
0.0003537890064954207
0.00035542458483117656
0.0003044878453368309
0.0003747043241919719
0.000463139710742984
0.0005630676729916914
0.00041216809974037923
0.00045614118499268813
0.000569495056857263
0.0004430147757981498
0.0009497061473160272
0.0005419191899408964
0.0008316130372347032
0.0006958815789970471
0.0007030467881864915
0.0007249439370411405
0.0006389832409510214
0.0005905141422359911
0.0005606837585347895
0.000470707115416935
0.0005379743164633079
0.0009206283344617748
0.0006846560635397308
0.0006561900001599871
0.0007118019391639647
0.0006500284424541584
0.00045846226930285755
0.0007588331317870999
0.000964722006423631
0.0005929440592711064
0.0007164615785741216
0.0006293365114506668
0.0005905420597798971
0.0006137575085157932
0.0005444876385610527
0.0008065766279646345
0.0005899826583420987
0.0005075441649714874
0.000617120064024766
0.0008066325061978309
0.0005853068995175679
0.0007767324906632336
0.0008140948401612171
0.00042832980107324926
0.0009210984902181315
0.0006245577971714373
0.0007470288677130211
0.0007030467881864785
0.0003681972389633207
0.0005416647103762624
0.0004667268627722783
0.000466726862772277
0.0009580217541738751
0.00041254956589583964
0.0005846113097356439
0.0008538924134619316
0.0008140948401612214
0.0004283298010732406
0.0009210984902181859
0.0006245577971713961
0.0007470288677130883
0.0007030467881864896
0.0003681972389633237
0.0005416647103762776
0.0004667268627723236
0.0004667268627723235
0.0009580217541738543
0.00041254956589582056
0.0005846113097356582
0.0008538924134619107
0.0008140948401612206
0.00042832980107324146
0.0007388730165496819
0.00046545893566727996
0.0009273527697349418
0.0007978778130587991
0.0008910835437212659
0.0006399122764731767
0.0007651484339052904
0.0007030467881864923
0.00036819723896332375
0.0005416647103762756
0.00046672686277231604
0.0004667268627723156
0.000958021754173863
0.0004125495658958291
0.0005846113097356625
0.0008538924134619134
0.0006321693183691576
0.00048133771487343007
0.0005241986562401907
0.0007814964287376461
0.0006021242570525259
0.0007624601792917095
0.00034459399430649567
0.0006648511999396258
0.0005865530722175157
0.0007638020416391258
0.0005448717957089646
0.0006648511999396266
0.000621238942261646
0.0005510796005259826
0.000504093131400381
0.0004930804584677773
0.00040278583868168065
0.0005357199267467566
0.0005241986562401946
0.0007814964287376778
0.0006021242570525074
0.0007624601792917045
0.00034459399430649025
0.0006648511999396349
0.0005865530722175131
0.0007638020416391798
0.0005746953539829492
0.0006648511999396351
0.0006212389422615883
0.0005510796005259649
0.0005040931314003864
0.0004930804584677615
0.00040278583868165506
0.0005357199267467675
0.000524198656240195
0.000605416343903672
0.0006592193835214186
0.0007624601792917043
0.0003445939943064912
0.0006648511999396327
0.000586553072217515
0.0007638020416391713
0.0005746953539829337
0.0006648511999396336
0.0006212389422616026
0.0005510796005259691
0.0005040931314003834
0.0004930804584677663
0.0004027858386816607
0.0005357199267467692
0.00037564331706095664
0.0003723679921660474
0.0006495399198396274
0.0005508039208311473
0.0006155732573124592
0.0005812779717667207
0.0007468027888381645
0.0007016952197631127
0.0004125495658958414
0.0004020461876639283
0.0005421933743888379
0.0006911277416074271
0.0005483355599065669
0.00042669869627472547
0.0003756433170609753
0.00037236799216606217
0.000649539919839607
0.0006044788626974717
0.0006155732573124754
0.0005812779717666535
0.0007468027888382176
0.0007016952197630673
0.0004125495658958211
0.0004020461876639377
0.0006508249554378097
0.0006911277416074114
0.0005483355599065724
0.000426698696274734
0.0003756433170609717
0.0003723679921660598
0.0007625618346109361
0.0008370273432482239
0.0006155732573124755
0.0005812779717666752
0.0007468027888382087
0.000701695219763078
0.00041254956589582923
0.0004020461876639344
0.0006508249554378563
0.0006911277416074158
0.0005483355599065731
0.000426698696274732
0.00035455831860469
0.0003696168252049314
0.0007633254604823671
0.0009734372724338287
0.0006001133333760072
0.0005440799893497261
0.0005226009008770923
0.0006324290251775531
0.0005605123935386812
0.0005717922270639033
0.0005611047971938866
0.0006975064638504135
0.0007477717561295478
0.00044928718320170634
0.0006308588973006103
0.0006211745961511982
0.0006135323468986417
0.000697506463850414
0.0007060441434558043
0.0007355481461543628
0.0006547498393076894
0.0006726483103767562
0.0007188495172448647
0.0005270807365487639
0.000826082578325775
0.0006293478647838311
0.0007703613952757286
0.0007086327464882118
0.0004770463578068504
0.0004946893447942751
0.0007302550474453775
0.0005566852997077919
0.0006239667098377321
0.0008022122129532749
0.0006912820562889614
0.0006624298296227602
0.0004870024538660418
0.0005849937186813165
0.0006622032005352578
0.0008676521262297211
0.0004875173973577923
0.0005508039208311473
0.0007587580782105465
0.0008345454326166132
0.0005413209695006721
0.0008726916904209054
0.0005320461595933086
0.0005557256586012022
0.0005806438391938568
0.000525196793846987
0.0003545583186046887
0.0003696168252049296
0.0007633254604823587
0.0009734372724338193
0.0006001133333759847
0.0005440799893498108
0.0005226009008770902
0.0006324290251776066
0.0005605123935387638
0.0005717922270638773
0.0005611047971938836
0.0006975064638501244
0.0007477717561296224
0.0004812232288812226
0.0007032409185505836
0.0006100319935196613
0.0006135323468986988
0.0006975064638501242
0.0004614844149605456
0.0007418079877163653
0.0006547498393077681
0.000604478862697472
0.0007354077416059572
0.0006909331321187573
0.0007121903083807954
0.0005270807365488476
0.0008260825783256972
0.0006293478647838383
0.0007703613952757067
0.0007086327464881543
0.0005135411179236852
0.0004946893447942743
0.00090707676664467
0.0005566852997077597
0.0004829187978423744
0.0006392998928889961
0.0006007748898967009
0.0009081164575736106
0.00035455831860468847
0.00036961682520492926
0.0007898243473669388
0.0009734372724338224
0.0006001133333759924
0.0005440799893497951
0.000522600900877091
0.000632429025177599
0.0005605123935387515
0.0005717922270638883
0.0005611047971938955
0.0006975064638502122
0.000747771756129611
0.00048122322888123886
0.0007032409185505858
0.0006100319935196368
0.0006135323468986877
0.0006975064638502131
0.0007260586723274152
0.0007418079877162692
0.00065474983930776
0.0009866372792686966
0.0007354077416059029
0.0006909331321187076
0.000712190308380785
0.0005270807365488342
0.0008260825783257169
0.0006293478647838371
0.0007703613952757121
0.000708632746488168
0.0005135411179237092
0.0004946893447942747
0.0009070767666446624
0.0005566852997077676
0.00048291879784230745
0.0006392998928890382
0.0006007748898966938
0.0009081164575735871
0.0008181701669785571
0.0006001133333760071
0.0008431022813180277
0.0006135323468986413
0.0007377447131005987
0.0006101978895316788
0.0005020090039355818
0.0004736700096912849
0.0005281586566301989
0.0005514973054696918
0.0006986298026310121
0.000564311582362772
0.0007007352573250019
0.000680168807153882
0.0004730120804706103
0.0005081735700238022
0.0007984538597410355
0.0005569024524752658
0.0007144585640180584
0.0006623908813079048
0.0008181701669785252
0.0006001133333759845
0.0008431022813180291
0.0006135323468986991
0.0008794687122874404
0.0007230079202268046
0.0004886017309571327
0.000821999671584445
0.0004912066106721833
0.0009712774303775738
0.00048177301683357285
0.0005916462924605793
0.0005872296993557724
0.0006101978895317627
0.0008441044707859129
0.0006210217424210767
0.0006541210153355748
0.0008464923107593974
0.0006967207885129399
0.0009866372792686963
0.0005055780669629621
0.00045189059787625733
0.0005020090039355772
0.00047367000969128264
0.0005412314889160005
0.0006007748898967009
0.0006854658289591592
0.0008627584296537578
0.0008247725799606423
0.0005662273966106123
0.0008919795687513483
0.0006001133333759924
0.0004994796897039647
0.000613532346898689
0.0008794687122874417
0.0007230079202267987
0.0004886017309571166
0.0008219996715843289
0.0004912066106721894
0.0009712774303775804
0.000481773016833535
0.000591646292460536
0.000765413445397217
0.0006101978895317469
0.000502009003935577
0.00047367000969128405
0.0005412314889160219
0.0006007748898966946
0.0006854658289591102
0.0008627584296537795
0.0008247725799606074
0.0005662273966106114
0.0008059596212447334
0.0007001978590808859
0.000599118448360687
0.0004224370027261007
0.0006424315998184368
0.0005971068606062048
0.0006138854777547082
0.000556119853801162
0.0008412339186906285
0.0003453996786745826
0.0005636068915619038
0.0008936143387976737
0.0009155020306393057
0.0004768266810624874
0.0005985733190779928
0.0005547787765665464
0.0006424315998183714
0.0005971068606062152
0.0006138854777547188
0.0005561198538011774
0.0008412339186906316
0.0003453996786746379
0.0005636068915618872
0.0008936143387976297
0.0007618029259061528
0.0008656857049352991
0.0007266814795753368
0.0007636728266676911
0.0004914885327427114
0.00046208339860433776
0.0006270436588221287
0.0005947040477268593
0.0005839230146083702
0.0005223910416349187
0.0008678415233170349
0.0005448228230491891
0.0005636867998118308
0.00033542801631470526
0.0005636867998118314
0.00033542801631474906
0.0004908112965972283
0.000462083398604338
0.0005478332880469905
0.0006043419289039021
0.000656220292273856
0.0005944265375270837
0.0006281560948354248
0.0007385424164052163
0.0006274257783538744
0.0008771898227659799
0.0005347388570161097
0.000893443757362714
0.000479817691820436
0.0007363156770420938
0.00047902167461415235
0.0005786422929112576
0.0005451985905648338
0.00044862509197396666
0.0004643360971918162
0.00047808109548116767
0.0007211594968492992
0.0006309434366620854
0.0005080991875242346
0.00046433609719181545
0.00043792007768516
0.0004388223209359347
0.00039506791820179913
0.0005886049417256787
0.00047808109548116724
0.0004905326417583545
0.0008575708491334912
0.000642006735456564
0.0005557256586012005
0.00045693179231383807
0.000623276486831581
0.00045186009305355846
0.000487152638628194
0.00043148440245364614
0.000600097673476861
0.0005991992803444993
0.0007895402059404141
0.0005359128778682795
0.0005206211995092366
0.0005027597714773145
0.000500724934925114
0.00045124598980128723
0.00046236072110034674
0.0005997250112269148
0.0006981015390808442
0.0005539434479736689
0.0005337692710593788
0.0005079503046988556
0.0007722478315021087
0.0004654825974015474
0.00044459101478210115
0.00043882232093593425
0.000451860093053558
0.0003636505957291215
0.0005206211995092353
0.0005252993137032174
0.0005227808533103803
0.000519121817801122
0.00047701046809791713
0.00045697365285327605
0.000810158531966441
0.0008396213628249411
0.0009168223524656971
0.0005969942848906263
0.0007322172132153415
0.0008036888180513394
0.0009159627695604345
0.0005779198814411216
0.0006925215372599741
0.0004708196542579676
0.0005105688981356792
0.0007737625850936707
0.0005244319198061578
0.0005227703391306206
0.000690639107622707
0.0005508693805635354
0.0006269363838690475
0.0005257166111803644
0.0005766922327730701
0.0006080239825243366
0.0004846313014698102
0.0008780986492840936
0.0005575834400472245
0.0005848399592123304
0.000577766510019664
0.0005607648222222131
0.00041191594063862147
0.0008298504892206713
0.0005071755601529044
0.0008050783320336136
0.0006489381547632104
0.0005844762956631897
0.0009063643990181521
0.00048503354809505367
0.0004349451684793489
0.0004437116533337676
0.0009030820218975154
0.0005088136628442217
0.0005255217444019697
0.0005597396955618433
0.0004727271305387641
0.0005676059629510207
0.0004912469600187138
0.0008772374545473311
0.0005819661161130852
0.000755885249918441
0.0005597396955618426
0.0005362615630114949
0.0004903102575466973
0.000422998224582442
0.00040695667180059127
0.0008962827016039028
0.0005898680361547972
0.0005289754561173586
0.0005898680361547965
0.00044422568070700934
0.0009638424175466606
0.00047087235410269183
0.00047126063620426075
0.0005575834400472245
0.0008701196274789242
0.0008489670620196348
0.0006566516247309944
0.0005781089431914424
0.0006399992102213823
0.0008937785450215206
0.0005205577150439039
0.00046492332852107163
0.0004845828831008507
0.0004182779077280955
0.0005838460055946724
0.0005953891626746631
0.0004886882812226477
0.0004119159406386216
0.0004735421560441135
0.0007235550569719225
0.0005521788197125167
0.00049349535951533
0.0009163431198157546
0.0008304977113007784
0.0006546138175690101
0.0009331562212923409
0.0007301511733646006
0.0007213645787518771
0.00041965127099158057
0.0007302907582829527
0.0005559558562897054
0.0005394848167862905
0.0004691373071615837
0.0006522410115053596
0.0003983027030569625
0.0004845694250759984
0.0005434559080600039
0.0005550028924194838
0.0007859195485030272
0.0006090360655430626
0.00040281868964701104
0.0008788358417002874
0.0005762424426075784
0.0006070701444399066
0.000470604184400307
0.0006054163439036713
0.0005710883274208612
0.0006547330508480569
0.0007828220854097976
0.0005072663798759329
0.00047409296185560185
0.000495792949418806
0.0005472737066805422
0.0004730536753498238
0.00040281868964701147
0.0006644039018744133
0.0006201263416986454
0.0004635830205824868
0.00038901287422830335
0.000711268649927493
0.0007416655061304976
0.0006106846160150211
0.0005560060688634817
0.0004760845270507918
0.0009285912903500767
0.0005390500900613518
0.0005792533300508183
0.0004543438647601084
0.0007426169196421879
0.0006684152183598793
0.0006901154760454392
0.0006759004091310727
0.0005472737066805422
0.0006032506108392397
0.0005829027320568307
0.0006352546775548545
0.000906848854331012
0.0006281352779412713
0.0005397581831642353
0.0006075288851548342
0.0006059847104619193
0.0005272962777846243
0.0006449864015690542
0.0005683126263776798
0.000473053675349824
0.0004353248014769389
0.0008664439736415711
0.0006108113146807018
0.0008123659435511744
0.0007838514166955233
0.0007397302044496272
0.0005484986568501382
0.0008612081762749671
0.0008604361630184575
0.000534208535163149
0.0005421715713158517
0.000472548489854505
0.0005205577150439039
0.0005268936188617512
0.000435324801476939
0.0005627109805035434
0.0005091016794948476
0.0005509046021738885
0.0006288700606657837
0.0009235130738721786
0.000498733755662241
0.0004950982166649612
0.0005089542880694995
0.0004979489222533122
0.0008936988780468476
0.0006421333101736815
0.0005688412834801758
0.0007279785360603917
0.0007264602552488988
0.0007937188475956648
0.0007692838945442294
0.0005267857692420187
0.00042468657857007387
0.0007521282257203629
0.0005940409844774101
0.0005012085278804593
0.0005001839556278325
0.0007641910381048143
0.0005969049876062332
0.0005251967938469868
0.0005092326815180539
0.0006631640818349003
0.0005859232160335048
0.0005505083640601107
0.0006737314427103929
0.0008811513864028537
0.0008889380203990736
0.00043835688830941815
0.00047307613421743297
0.0005186679991134374
0.000489995474343265
0.0007419038145986626
0.0005704530758592441
0.0005777269592648416
0.00047956606095951555
0.0008909679081947933
0.0003853611293844542
0.0005651053181372221
0.00048414759111682984
0.00041610920914937144
0.00043713663961704875
0.0009311080264384755
0.0005210956082352786
0.0005745713649340292
0.0004845828831008514
0.0006666286189590232
0.0008046057334816085
0.0008246334990992536
0.0005307706419337374
0.0004893142918837013
0.0006381503414725795
0.0007281479698216009
0.0008575413498059705
0.0005129484082923727
0.0006457045700491398
0.0005030016205906105
0.0004399811015411801
0.0007718590242745682
0.0006201263416986456
0.0008326451700633894
0.0006944958125621717
0.0006022056638760968
0.0006365427061634997
0.0007215828317803225
0.0004481517048032799
0.0005281269948470332
0.00047345684727296286
0.0005717302814567369
0.0005940409844774096
0.00041899526769131456
0.0004879433340617806
0.0005039422247633988
0.0006608930814691644
0.0005039422247633989
0.00047865410695490225
0.0005342085351631491
0.0006978078314878384
0.0007388606846670144
0.0005814901915459776
0.0006972558770332458
0.00046358302058248694
0.0007001283750879944
0.00044434946406591674
0.0005359447567288428
0.0006631180876117946
0.0007263054791300139
0.0006503351547050278
0.0006323168403231426
0.00045623745002528306
