1    79   505   619   620
2    79   197   325   515
3    313   515   516   517
4    100   313   314
5    100   189   309
6    309   310   319   324
7    319   320   557
8    103   129   240   557   1191
9    93   103   109
10    93   106   399
11    31   399   400
12    31   87   231   397
13    88   95   397   398
14    88   147   225   371
15    371   372   550   551
16    112   359   373   551   552
17    92   221   355   359   360
18    55   355   356
19    55   141   217   335
20    203   335   336   337
21    28   203   204
22    28   133   199
23    199   200   209   216
24    74   139   209   210   351
25    351   352   534   535
26    37   353   535   536
27    37   66   145   367
28    367   368   542   543
29    36   257   369   543   544
30    245   257   258   259
31    39   245   246
32    39   153   241
33    241   242   249   256
34    17   159   249   250   415
35    415   416   562   563
36    5   417   563   564
37    5   23   163   423
38    423   424   570   571
39    11   425   571   572
40    11   173   283   435
41    269   435   436   437
42    32   269   270
43    32   165   265
44    265   266   275   282
45    2   171   275   276   455
46    455   456   586   587
47    57   457   587   588
48    6   57   175   463
49    463   464   594   595
50    62   465   595   596
51    62   185   305   475
52    291   475   476   477
53    70   291   292
54    70   177   287
55    287   288   297   304
56    121   183   297   298   495
57    495   496   610   611
58    76   497   611   612
59    76   125   187   503
60    503   504   618   619
61    1258   1259   1262   1264   1331   1334   1335
62    1112   1117   1123   1140   1150   1155
63    90   811   834   1019   1021   1022
64    731   948   951   1000   1002   1031
65    747   978   981   1012   1014   1033
66    61   1186   1199   1202   1203   1215   1273
67    30   205   327   531   1115   1133
68    75   1054   1077   1089   1094
69    1183   1189   1302   1305   1346
70    247   405   934   938   995
71    664   669   716   821   823
72    12   271   427   579   882   970
73    678   683   732   873   875
74    122   293   467   603   920   992
75    696   701   748   911   913
76    192   315   507   627   656   689   692
77    134   328   329   332
78    42   213   1038   1065   1085
79    344   346   377   1122   1131   1159
80    22   34   366   537   1049   1052
81    85   149   228   229   384   394
82    383   640   646   653   1194   1197
83    154   406   407   410
84    4   20   244   253   826   830   836
85    262   365   545   1069   1072
86    1   565   719   763   768
87    166   428   429   432
88    13   58   268   279   878   884   971
89    110   264   444   450   575   584
90    116   589   735   777   782
91    178   468   469   472
92    71   126   290   301   916   922   993
93    104   286   484   490   599   608
94    82   613   751   791   796
95    190   508   509   512
96    60   130   238   312   321   638
97    81   308   524   530   623   632
98    28   48   52   78   133   134   204   329   331
99    52   78   214   215   330
100    48   50   207   331   338
101    40   74   135   140   210   347
102    142   208   218   219   342
103    358   362   553   1126   1160   1180   1182
104    37   66   353   354   363   538
105    64   144   226   228   229   393   396
106    148   235   388   392   401   641
107    150   234   239   633   635   705
108    29   39   97   117   153   154   246   407   409
109    97   117   254   255   408
110    29   51   260   261   409
111    17   38   155   160   250   411
112    36   158   161   369   370   546
113    5   23   417   418   419   566
114    19   27   32   105   165   166   270   429   431
115    27   105   280   281   430
116    19   25   273   431   438
117    2   56   167   172   276   451
118    274   284   426   442   573   576
119    6   57   457   458   459   590
120    63   70   99   119   177   178   292   469   471
121    99   119   302   303   470
122    63   68   295   471   478
123    46   121   179   184   298   491
124    296   306   466   482   597   600
125    76   125   497   498   499   614
126    80   100   113   127   189   190   314   509   511
127    80   127   322   323   510
128    86   113   317   511   518
129    54   191   196   403   555
130    318   326   506   522   621   624
131    78   133   199   200   215
132    45   136   201   213   1065   1087
133    48   50   203   204   337
134    72   83   137   205   327   339
135    53   138   141   206   208   217   342
136    40   209   210   216
137    74   139   212   347   533   540
138    42   135   140   201   213   214   330
139    40   135   200   214   215   216
140    55   98   208   217   218   356
141    92   98   142   218   220   221   361
142    112   220   221   360   373   374   554
143    66   145   224   363   541   548   1057
144    64   88   95   225   226
145    64   94   144   147   225   375   379   549
146    87   95   226   230   231   393   398
147    31   151   230   231   235   392   400   402
148    93   106   109   233   236   239   705
149    151   233   236   402   706
150    234   240   404   633   1191   1192
151    103   109   234   239   240
152    117   153   241   242   255
153    7   156   243   253   830
154    29   51   245   246   259
155    16   157   248   405   939   995
156    38   249   250   256
157    17   159   252   411   561   568   929
158    4   155   160   243   253   254   408
159    38   155   242   254   255   256
160    36   161   257   258
161    51   158   161   258   259   260
162    16   158   248   260   261   262   365   370
163    23   163   174   419   569   578
164    27   165   265   266   281
165    15   168   267   279   971
166    19   25   269   270   437
167    3   8   169   271   427   439
168    24   170   173   272   274   283   442
169    56   275   276   282
170    2   171   278   451   585   592   965
171    13   167   172   267   279   280   430
172    56   167   266   280   281   282
173    11   274   283   284   425
174    6   175   186   459   593   602
175    119   177   287   288   303
176    73   180   289   301   993
177    63   68   291   292   477
178    120   123   181   293   467   479
179    59   182   185   294   296   305   482
180    46   297   298   304
181    121   183   300   491   609   616   987
182    71   179   184   289   301   302   470
183    46   179   288   302   303   304
184    62   296   305   306   465
185    125   187   198   499   617   626
186    127   189   309   310   323
187    108   192   311   321   638   656
188    86   113   313   314   517
189    128   131   193   315   507   519
190    77   194   197   316   318   325   522
191    54   319   320   324   403
192    191   196   238   311   321   322   510
193    54   191   310   322   323   324
194    79   318   325   326   505
195    30   45   136   137   327   328   332
196    45   52   201   328   329   330
197    83   134   137   207   331   332
198    49   143   333   341   532   1132
199    53   141   335   336
200    50   53   138   336   337   338
201    72   83   138   206   207   338   340
202    72   339   340   341   345   532
203    143   341   344   345   1122
204    206   219   340   342   344   345   346
205    42   67   140   212   347   1038
206    146   349   350   539   1051   1083
207    139   351   352   533
208    44   211   348   353   536   538
209    92   98   355   356
210    142   219   346   358   361   377   1126
211    112   359   360
212    220   358   361   362   374
213    22   354   363   1049   1057
214    547   1058   1059   1067   1071
215    145   367   368   541
216    118   223   364   369   544   546
217    147   371   372   549
218    94   227   373   375   381   552   554
219    85   144   222   228   379
220    378   380   382   385   1179   1306
221    85   222   376   384   385   1179
222    222   375   376   379   381   1181
223    378   386   387   389   1306   1338
224    149   378   384   385   389
225    390   391   645   649   650   1184
226    69   149   386   389   390   394   1184
227    69   148   390   391   395   641
228    148   230   392   393   395   396
229    69   229   394   395   396
230    87   397   398
231    106   151   233   399   400
232    232   235   401   402   706
233    152   195   556   558   560
234    7   156   157   405   406   410   934
235    7   97   243   406   407   408
236    16   154   157   261   409   410
237    4   160   411   826   929
238    14   164   567   766   767   930
239    159   415   416   561
240    10   251   412   417   564   566
241    1   174   418   419   422   719
242    574   577   672   720   721
243    163   423   424   569
244    89   263   284   420   425   426   572
245    12   15   168   169   427   428   432
246    15   105   267   428   429   430
247    3   166   169   273   431   432
248    433   441   443   447   580   659   707
249    24   173   435   436
250    24   25   170   436   437   438
251    3   8   170   272   273   438   440
252    8   439   440   441   449   580
253    110   441   444   447   449
254    114   445   446   665   756   798
255    110   421   434   447   584   659
256    272   440   442   444   449   450   573
257    13   172   451   878   965
258    65   176   591   780   781   966
259    171   455   456   585
260    18   277   452   457   588   590
261    116   186   458   459   462   735
262    598   601   686   736   737
263    175   463   464   593
264    107   285   306   460   465   466   596
265    73   122   180   181   467   468   472
266    73   99   289   468   469   470
267    120   178   181   295   471   472
268    473   481   483   487   604   673   723
269    59   185   475   476
270    59   68   182   476   477   478
271    120   123   182   294   295   478   480
272    123   479   480   481   489   604
273    104   481   484   487   489
274    111   485   486   679   770   848
275    104   461   474   487   608   673
276    294   480   482   484   489   490   597
277    71   184   491   916   987
278    102   188   615   794   795   988
279    183   495   496   609
280    84   299   492   497   612   614
281    82   198   498   499   502   751
282    622   625   704   752   753
283    187   503   504   617
284    101   307   326   500   505   506   620
285    108   192   193   507   508   512
286    80   108   311   508   509   510
287    128   190   193   317   511   512
288    513   521   523   527   628   687   739
289    77   197   515   516
290    77   86   194   516   517   518
291    128   131   194   316   317   518   520
292    131   519   520   521   529   628
293    81   521   524   527   529
294    115   525   526   697   784   886
295    81   501   514   527   632   687
296    316   520   522   524   529   530   621
297    205   333   339   532   1115
298    44   211   352   533   534   540
299    211   534   535   536
300    22   146   348   354   537   538   1051
301    44   67   146   212   348   539   540
302    118   223   368   541   542   548
303    223   542   543   544
304    162   262   364   370   546   1072
305    118   162   224   364   547   548   1071
306    94   227   372   549   550
307    227   550   551   552
308    362   374   381   553   554   1181
309    130   196   238   555   556   558
310    129   195   320   403   555   557   558
311    237   634   636   647   657   1193
312    10   251   416   561   562   568
313    251   562   563   564
314    1   164   412   418   565   566   767
315    10   164   252   412   567   568
316    89   263   424   569   570   578
317    263   570   571   572
318    264   420   426   574   575   576   672
319    450   573   575   576
320    89   174   420   422   574   577   578
321    271   439   579   580   581   707
322    433   443   660   709   1001
323    583   666   671   711   722   797
324    18   277   456   585   586   592
325    277   586   587   588
326    116   176   452   458   589   590   781
327    18   176   278   452   591   592
328    107   285   464   593   594   602
329    285   594   595   596
330    286   460   466   598   599   600   686
331    490   597   599   600
332    107   186   460   462   598   601   602
333    293   479   603   604   605   723
334    473   483   674   725   1013
335    607   680   685   727   738   847
336    84   299   496   609   610   616
337    299   610   611   612
338    82   188   492   498   613   614   795
339    84   188   300   492   615   616
340    101   307   504   617   618   626
341    307   618   619   620
342    308   500   506   622   623   624   704
343    530   621   623   624
344    101   198   500   502   622   625   626
345    315   519   627   628   629   739
346    513   523   688   741   1200
347    631   698   703   743   754   885
348    152   404   560   634   636   1192
349    237   404   633   635   636
350    60   130   556   560   634   643   657
351    150   237   635   639   640   642   646   1193
352    232   388   401   639   642   651
353    559   648   655   658   691   693   1196
354    388   391   641   645   651   652
355    60   312   559   643   648
356    383   645   650   652   653   694   1188   1307
357    383   642   646   651   652
358    637   654   658   693   1269   1277
359    312   638   648   655   656   689
360    559   637   643   647   657   658
361    434   443   445   446   659   660
362    579   581   662   708   969   970   1003
363    582   710   713   860   923   999
364    421   434   445   666   711   798
365    448   668   712   755   761
366    9   583   664   669   670   671   764
367    264   421   584   666   672   721   722
368    474   483   485   486   673   674
369    603   605   676   724   991   992   1015
370    606   726   729   898   943   1011
371    461   474   485   680   727   848
372    488   682   728   769   775
373    124   607   678   683   684   685   778
374    286   461   608   680   686   737   738
375    514   523   525   526   687   688
376    627   629   690   692   740   1201
377    644   655   689   691   692   1201
378    644   691   1196   1202   1205   1229   1273
379    742   745   887   973   1204
380    501   514   525   698   743   886
381    528   700   744   783   789
382    132   631   696   701   702   703   792
383    308   501   632   698   704   753   754
384    150   232   236   639   705   706
385    433   581   707   708   1001
386    114   446   660   709   710   999
387    583   664   712   716   755   797
388    114   667   710   713   756   759   801
389    715   820   824   831   833   837
390    413   414   669   718   764   821
391    9   422   577   670   719   720   763
392    9   671   720   721   722
393    473   605   723   724   1013
394    111   486   674   725   726   1011
395    607   678   728   732   769   847
396    111   681   726   729   770   773   851
397    872   876   879   881   952   953
398    453   454   683   734   778   873
399    124   462   601   684   735   736   777
400    124   685   736   737   738
401    513   629   739   740   1200
402    115   526   630   688   741   742   1204
403    631   696   744   748   783   885
404    115   699   742   745   784   787   889
405    910   914   917   919   982   983
406    493   494   701   750   792   911
407    132   502   625   702   751   752   791
408    132   703   752   753   754
409    448   665   667   668   756
410    772   869   926   927   958
411    41   802   804   806   812   819
412    712   714   716   761   762   820   823   824
413    413   670   763   764   768
414    21   717   822   825   828   931
415    14   413   565   718   767   768
416    488   679   681   682   770
417    907   946   960   961   962
418    663   852   854   856   862   871
419    728   730   732   775   776   872   875   876
420    453   684   777   778   782
421    661   733   874   877   880   967
422    65   453   589   734   781   782
423    528   697   699   700   784
424    33   695   976   985   1009   1137
425    677   890   892   894   900   909
426    744   746   748   789   790   910   913   914
427    493   702   791   792   796
428    675   749   912   915   918   989
429    102   493   613   750   795   796
430    448   665   711   755   797   798
431    43   800   803   924   925   950   1006
432    667   668   714   759   761   802   804
433    759   760   800   801   804   806   924
434    760   800   803   807   809   813   817
435    41   760   806   807   808
436    805   814   839   840   941   1023
437    41   808   814   819   838   839
438    805   807   808   814   817
439    818   928   1025   1027   1292   1297
440    805   809   817   928   1023   1027
441    714   802   812   820   837
442    14   414   717   718   766   822
443    414   717   762   821   823   828
444    20   21   244   766   822   930
445    715   762   765   824   828   931
446    26   829   832   835   932   933
447    715   765   827   829   831   932
448    758   811   827   831   833   834
449    21   244   825   832   835   836   937
450    758   812   819   833   837   838
451    758   811   838   839   840   1021
452    90   827   829   834   842   933
453    841   935   1070   1075   1092   1282
454    90   841   842   935   997   1019   1281
455    488   679   727   769   847   848
456    47   850   853   944   945   980   1018
457    681   682   730   773   775   852   854
458    773   774   850   851   854   856   944
459    774   850   853   857   859   863   867
460    663   774   856   857   858
461    855   861   864   947   949   1005
462    663   858   861   864   871   954
463    855   857   858   864   867
464    866   868   956   957   959   1289
465    855   859   866   867   870   956   1005
466    772   866   868   869   870   925   1006
467    730   852   862   872   953
468    65   454   733   734   780   874
469    454   733   776   873   875   880
470    58   268   661   780   874   966
471    776   779   876   879   880   967
472    779   879   952   968   969   1003   1004   1032
473    268   661   877   883   884   972
474    528   697   743   783   885   886
475    888   891   974   975   1206
476    699   700   746   787   789   890   892
477    787   788   888   889   892   894   974
478    788   888   891   895   897   901   905
479    677   788   894   895   896
480    893   899   902   977   979   1017
481    677   896   899   902   909   984
482    893   895   896   902   905
483    903   904   906   963   986
484    893   897   904   905   908   986   1017
485    904   906   907   908   945   962   1018
486    746   890   900   910   983
487    102   494   749   750   794   912
488    494   749   790   911   913   918
489    126   290   675   794   912   988
490    790   793   914   917   918   989
491    793   917   982   990   991   1015   1016   1034
492    290   675   915   921   922   994
493    713   801   923   924   950
494    803   813   869   925   926
495    809   813   926   927   928   1284   1292
496    20   252   567   826   929   930
497    765   825   832   931   932
498    26   247   835   936   937   938
499    26   842   933   936   1279   1281
500    156   830   836   934   937   938
501    846   996   1073   1074   1280
502    816   998   1024   1097   1099   1101
503    729   851   943   944   980
504    853   863   907   945   946
505    757   799   861   947   948   954   1000
506    43   799   860   923   947   949   950
507    757   881   948   952   1004   1031
508    757   862   871   881   953   954
509    859   863   946   956   959   961
510    772   868   958   1287   1289
511    865   955   1008   1290
512    955   957   959   960   961   1008   1263
513    786   903   906   960   962   964   1263
514    58   278   591   878   965   966
515    779   877   883   967   968
516    882   883   968   969   970   972
517    12   168   882   884   971   972
518    745   785   889   973   974   975
519    695   891   901   976   1206   1210
520    771   849   899   977   978   984   1012
521    47   849   898   943   977   979   980
522    771   919   978   982   1016   1033
523    771   900   909   919   983   984
524    897   901   963   976   986   1009
525    126   300   615   916   987   988
526    793   915   921   989   990
527    920   921   990   991   992   994
528    122   180   920   922   993   994
529    248   365   939   996   1069   1280
530    91   845   942   1020   1036   1095
531    582   799   860   1000   1002
532    582   662   708   709   731   999   1001   1002
533    662   731   951   1003   1032
534    43   870   949   1005   1006
535    1010   1220   1256   1260   1261
536    786   903   963   985   1009   1010   1220
537    606   849   898   1012   1014
538    606   676   724   725   747   1011   1013   1014
539    676   747   981   1015   1034
540    47   908   979   1017   1018
541    841   845   997   1020   1075
542    91   845   997   1019   1022   1029
543    840   941   1021   1022   1029   1030   1039
544    810   1028   1040   1045   1047   1300
545    818   941   1023   1027   1028   1039   1045
546    91   816   1024   1026   1029   1030   1036
547    951   1004   1031   1032
548    981   1016   1033   1034
549    998   1024   1035   1036   1095
550    1079   1082   1093   1096   1098
551    1026   1028   1030   1039   1040
552    810   816   1026   1040   1042   1101
553    1105   1135   1141   1235   1285   1286   1295
554    1044   1048   1105   1286   1296   1299
555    810   1042   1048   1296   1300
556    349   350   366   1050   1052   1061   1063
557    349   537   1051   1052
558    34   366   843   1053   1061   1062
559    1055   1056   1080   1107   1120   1128
560    34   224   547   1049   1053   1057   1058
561    844   940   1068   1090   1091
562    843   1054   1061   1063   1089
563    350   1050   1078   1083   1084   1086
564    202   1064   1088   1107   1114   1128
565    844   1053   1058   1062   1067   1068
566    545   844   940   996   1059   1067   1069   1073
567    162   545   1059   1071   1072
568    940   1070   1073   1074   1091   1282
569    35   942   1020   1060   1075   1076   1092
570    75   1050   1054   1063   1078   1081
571    75   1077   1081   1082   1093   1103   1110
572    1055   1078   1080   1081   1084   1103
573    67   539   1038   1083   1085   1086   1108
574    202   1064   1065   1085   1087   1108
575    30   136   202   1087   1114   1133
576    35   843   1060   1062   1068   1089   1090   1094
577    1060   1070   1090   1091   1092
578    35   1076   1077   1093   1094   1096
579    942   1035   1076   1095   1096   1098
580    998   1035   1037   1079   1097   1098
581    1102   1104   1109   1111   1143   1147
582    1037   1097   1099   1106   1109   1147
583    1055   1100   1102   1103   1104   1110   1120
584    1042   1044   1046   1048   1099   1101   1106   1148
585    1064   1080   1084   1086   1107   1108
586    1037   1079   1082   1102   1109   1110
587    1066   1100   1104   1112   1140   1143
588    1113   1116   1118   1119   1127   1134
589    49   333   531   1113   1115   1127   1129
590    1066   1112   1116   1118   1123
591    1056   1066   1100   1118   1119   1120
592    343   1124   1130   1152   1172   1173
593    1113   1116   1117   1123   1124   1129   1152
594    357   1131   1145   1159   1170   1171   1178
595    1056   1088   1119   1128   1134
596    49   343   1124   1129   1132
597    143   343   1122   1130   1131   1132   1171
598    531   1088   1114   1127   1133   1134
599    1044   1046   1105   1135   1139   1157
600    1142   1149   1153   1213   1225   1254
601    1046   1121   1136   1139   1144   1148
602    1135   1142   1157   1158   1213   1235   1239
603    1111   1136   1140   1143   1144   1150
604    357   1146   1160   1178   1180
605    1106   1111   1136   1147   1148
606    96   1121   1142   1144   1149   1150   1155   1158
607    1151   1154   1156   1163   1174
608    96   1149   1151   1153   1154
609    96   1117   1152   1154   1155   1156   1173
610    1121   1139   1157   1158
611    357   377   1126   1159   1160
612    334   1166   1185   1224   1301   1304
613    1125   1138   1168   1175
614    1151   1153   1161   1163   1166   1185   1225
615    334   1163   1164   1166   1168   1174   1175
616    1167   1169   1176   1177   1303   1337
617    1125   1130   1138   1145   1171   1172
618    1125   1156   1168   1172   1173   1174
619    1138   1145   1164   1170   1175   1176   1303
620    1146   1169   1170   1176   1178
621    380   382   1146   1169   1177   1180   1182
622    376   382   553   1179   1181   1182
623    386   387   649   1183   1184   1187   1305
624    1188   1190   1307   1309   1311   1317
625    649   650   1187   1188   1190
626    1183   1187   1189   1190   1311   1345
627    129   152   195   1191   1192
628    637   640   647   654   1193   1197
629    1198   1270   1278   1308   1310   1325
630    654   1194   1197   1198   1269   1308
631    61   630   690   740   741   1199   1200
632    61   644   690   1201   1202
633    630   887   1199   1203   1204
634    785   887   973   1203   1209   1215   1227
635    33   695   1195   1210   1217   1233
636    785   975   1195   1206   1209   1210
637    1222   1237   1314   1327   1329
638    1218   1219   1221   1250   1257   1265
639    1043   1207   1216   1228   1230
640    33   1137   1217   1218   1221
641    985   1137   1218   1220   1256   1257
642    1007   1231   1236   1248   1251   1313
643    1226   1252   1253   1312   1341   1344
644    1161   1185   1224   1253   1341
645    1195   1207   1209   1227   1228   1233
646    1186   1207   1215   1227   1230   1328
647    1234   1238   1266   1267   1319
648    1043   1217   1221   1228   1233   1234   1238   1265
649    1165   1208   1236   1240   1244   1248
650    1043   1216   1237   1238   1267   1327
651    1208   1213   1239   1240   1254
652    1141   1208   1235   1239   1242   1244
653    1241   1243   1246   1247   1249   1336
654    1141   1241   1242   1246   1285
655    1007   1242   1244   1246   1247   1248
656    1007   1214   1219   1231   1232   1243   1247   1250
657    1165   1236   1252   1312   1313   1320
658    1161   1165   1225   1240   1252   1253   1254
659    1214   1243   1249   1255   1258   1335
660    1214   1219   1255   1256   1257   1260
661    1255   1258   1260   1261   1262
662    786   964   1010   1261   1262   1264
663    865   964   1008   1259   1263   1264
664    1232   1234   1250   1265   1266
665    1231   1232   1251   1266   1319   1322
666    693   1196   1205   1275   1277
667    1271   1272   1274   1276   1316   1330
668    1186   1229   1273   1274   1276   1328
669    1205   1229   1271   1275   1276
670    1198   1269   1271   1275   1277   1316   1325
671    247   846   936   939   995   1279   1280
672    846   935   1074   1279   1281   1282
673    1041   1288   1291   1332   1333
674    1241   1245   1283   1285   1293   1295   1336
675    815   927   958   1284   1287   1288   1332
676    815   955   957   1287   1289   1290
677    1025   1041   1284   1288   1292
678    1025   1041   1245   1291   1293   1294   1297   1298
679    1286   1293   1295   1298   1299
680    818   1045   1047   1294   1297
681    1047   1294   1296   1298   1299   1300
682    1162   1167   1301   1302   1304   1337   1339   1346
683    334   1164   1167   1303   1304
684    387   1162   1302   1305   1338
685    653   694   1194   1308   1310
686    694   1211   1270   1307   1309   1310
687    1268   1315   1318   1323   1348
688    1212   1226   1312   1320   1321   1347
689    1211   1270   1278   1315   1318   1324   1326
690    1211   1223   1309   1317   1318   1348
691    1251   1313   1320   1321   1322
692    1237   1267   1268   1314   1319   1321   1322   1323   1347
693    1314   1315   1323   1326   1329
694    1272   1278   1316   1324   1325
695    1216   1222   1230   1274   1327   1328   1330
696    1222   1272   1324   1326   1329   1330
697    815   865   1259   1290   1331   1332   1333
698    1245   1283   1291   1331   1333   1334
699    1249   1283   1334   1335   1336
700    380   1162   1177   1306   1337   1338
701    1223   1311   1317   1340   1342   1343   1345
702    1224   1301   1339   1341   1342   1343   1344
703    1212   1226   1340   1343   1344
704    1189   1339   1342   1345   1346
705    1212   1223   1268   1340   1347   1348
