0.0021295800317248734
0.0015696899581979283
0.0020294696463209532
0.0015061595753245952
0.001882270684702066
0.0021391850386746234
0.0017128905978361926
0.0019712425415008847
0.0021153923431025757
0.001255646048287394
0.0014417472863614642
0.0016305129529672394
0.0015061595753245967
0.0016305129529672353
0.0017128905978361897
0.0022769865936981062
0.0015696899581979181
0.00125564604828739
0.002301322209867919
0.002486682802115628
0.0016565590208519384
0.0015163739148548912
0.002139185038674606
0.002124081547286582
0.0021828289106015693
0.0017669585467570042
0.0013018583601958566
0.0015380030567691385
0.0014875564610866959
0.0016565590208519384
0.002236917649093774
0.0015380030567691467
0.002252112793627671
0.002486682802115628
0.0023107700832901137
0.0018758998567221146
0.0018822706847020651
0.002214084445019587
0.0015380030567691324
0.0022140844450195835
0.002628484811824779
0.001506159575324596
0.002628484811824775
0.001255646048287394
0.0017128905978361893
0.0022140844450195887
0.002628484811824779
0.002301322209867917
0.0017480129057791537
0.0021828289106015706
0.0013274829509740543
0.002276986593698101
0.002124081547286587
0.0022140844450195835
0.0014417472863614647
0.002214084445019583
0.0018822706847020636
0.0024866828021156283
0.0021240815472865823
0.0018443470977300815
0.00255946837952926
0.0014417472863614586
0.0023013222098679197
0.002006563807291535
0.001656559020851944
0.0015644538521106203
0.0024866828021156244
0.0021828289106015693
0.0027598365791373187
0.0015380030567691354
0.0015061595753245996
0.002224411533475536
0.001712890597836192
0.0015696899581979194
0.0016305129529672353
0.0018822706847020677
0.002124081547286591
0.0013018583601958587
0.0014417472863614634
0.0022769865936981036
0.002767018991681975
0.002129580031724889
0.0015965443478892175
0.0012556460482873906
0.0020954062594488415
0.0021828289106015746
0.0015124129858504196
0.001968581003095198
0.0021063543037543927
0.0022413318376420716
0.002475622283221098
0.0021847444731918023
0.001856986798637654
0.002847255122465921
0.001509068845544454
0.0026292202221078467
0.0022769865936981045
0.0014273024193071793
0.002276986593698108
0.0015380030567691376
0.002106354303754398
0.0016565590208519419
0.0013716419298172508
0.0027670189916819705
0.0022769865936981028
0.001342145774516709
0.0021063543037543905
0.001712890597836192
0.0012352054559744555
0.0027670189916819687
0.002138210008470867
0.0013366721024515354
0.0023013222098679214
0.002138210008470867
0.0021382100084708687
0.002129580031724863
0.0013018583601958657
0.0014122491369452182
0.0013018583601958691
0.0020294696463209532
0.0015696899581979177
0.0016305129529672387
0.001971242541500884
0.0021153923431025752
0.0021391850386746087
0.0024866828021156296
0.0013018583601958637
0.0020294696463209567
0.001365271160934275
0.0019936679592604326
0.0019712425415008873
0.0021153923431025765
0.0021219866889043825
0.002196204088718399
0.0014238514624383774
0.0017524670543137765
0.0024497878066236036
0.001303122853193204
0.0012876539557847315
0.00220182073162276
0.0021219866889043773
0.0018901152325800242
0.002121986688904393
0.0018901152325800225
0.002121986688904387
0.0018901152325800248
0.002131578924445315
0.001974777179351693
0.002131578924445318
0.001974777179351693
0.0017614785066135171
0.0028831276871308913
0.0021315789244453175
0.0019747771793516937
0.0017614785066135171
0.0028831276871308926
0.002131578924445319
0.0019747771793516946
0.001761478506613518
0.002883127687130893
0.0025065271644691234
0.0024964288383459844
0.002040447868839412
0.0026004412100952418
0.0025065271644691255
0.002496428838345983
0.0020404478688394105
0.0026004412100952366
0.0025065271644691255
0.0024964288383459814
0.0020404478688394127
0.0026004412100952383
0.0028659516213510525
0.0018068287279776182
0.002238264084800991
0.0021271932833771194
0.0021804868768233367
0.0012241469337286332
0.0017669585467570022
0.0023834586450017484
0.001787150361874006
0.0016565590208519425
0.0021539040558199267
0.0012605722760364781
0.002865951621351055
0.0016305129529672387
0.002383458645001755
0.002241257775066752
0.0028659516213510507
0.0018068287279776182
0.0022201128310241573
0.002811444052903133
0.0021804868768233385
0.0012241469337286367
0.002801294755431052
0.002383458645001748
0.0028659516213510525
0.0018068287279776195
0.002220112831024156
0.002538461631196155
0.0021804868768233398
0.0012241469337286326
0.0023886454524589176
0.0023834586450017466
0.002865951621351056
0.00180682872797762
0.0022201128310241555
0.0025384616311961575
0.002180486876823342
0.0012241469337286419
0.0023886454524589228
0.0023834586450017514
0.0018025748291393474
0.0020389532418351487
0.0015852208493513254
0.0020862118473552555
0.001303122853193204
0.0015514224801343101
0.0019330019620198337
0.0013781393971489192
0.0012859467609054346
0.0015993882143666097
0.0025118337104544563
0.0026748384993945497
0.0016717420745842918
0.001169460106547976
0.0025594683795292605
0.001545252802252037
0.001964564879555067
0.0017373407625765462
0.002561366013280079
0.0024184461877368143
0.0011952503628211383
0.0018078335522870009
0.0019645648795550688
0.0017373407625765475
0.002561366013280088
0.0024184461877368147
0.0011952503628211398
0.0012553793515420334
0.001964564879555072
0.0017373407625765457
0.001791465922562155
0.0024184461877368186
0.0016906550064653201
0.002008521563129828
0.0024779161666621794
0.0022412577750667542
0.0018135123903543333
0.0026249773700946014
0.001735437277908437
0.001367445605197467
0.0012855417036285923
0.0017659227592765657
0.0013894659899800314
0.0012447314686808372
0.002773840234890446
0.0021271932833771233
0.0017354372779084387
0.0013674456051974686
0.0017354372779084385
0.0013674456051974676
0.0017354372779084426
0.0013674456051974739
0.0015308188093809396
0.0012414940780996681
0.0015496542077417024
0.0014719874696357913
0.0018978301208371754
0.001422372294709511
0.001255379351542033
0.0017704477909638448
0.0018392617599382929
0.0015551371886496817
0.0018069106185792739
0.0023752976453474783
0.001315097980637553
0.0018102388382754096
0.001549654207741699
0.0019012504248970882
0.0018978301208371741
0.0014223722947095086
0.0011652256240644067
0.0020058226577976757
0.0018392617599382903
0.00155513718864968
0.0018069106185792756
0.001446339653281378
0.0013150979806375515
0.001810238838275408
0.0015496542077416977
0.0019226692084446462
0.0019953854143545894
0.0014223722947095101
0.0018392617599382929
0.0015551371886496769
0.0013150979806375545
0.0018102388382754122
0.0018510868341886887
0.001834341258761208
0.001420731518779608
0.0014551684066492218
0.002967314422464503
0.0023454579892316645
0.002625924882207531
0.0024290949840644017
0.0024092003293554242
0.0013964295620008454
0.0015545150999422088
0.0020326818318254333
0.0018448893311813173
0.0014392291733014034
0.0021250194099966457
0.00265078377200046
0.001905740585495517
0.0015142182044345625
0.0014415150460240437
0.0017868505978322845
0.0014415150460240424
0.0017868505978322837
0.0014415150460240491
0.001786850597832285
0.0013229818503317865
0.002121326675447624
0.0023613369248974034
0.0013418884257731262
0.0014875564610866924
0.0013490986237009157
0.0014875564610866933
0.0013490986237009138
0.0013018583601958657
0.001712890597836192
0.00148755646108669
0.0013490986237009073
0.0014875564610866959
0.0013490986237009112
0.001487556461086695
0.0013490986237009138
0.0012888460840370156
0.0016197933853288608
0.0016451765292972726
0.0025741689688712566
0.001611778042390143
0.0026611257034354742
0.002112218078724964
0.002123765623453091
0.0014506974162940111
0.0026507837720004604
0.00201317362932303
0.0014506974162940113
0.0021925689424293748
0.0014913547218359585
0.002134852954391404
0.001746199124955914
0.0025509242632634358
0.0015793928142039117
0.002068486545158314
0.0014320583447353032
0.0018129693104467237
0.0014535640317818771
0.002220885074292629
0.002611880474381498
0.0021250194099966457
0.00148685370055799
0.002039361065340773
0.0018594614227257734
0.002660863496621132
0.0026637468457815236
0.0014154813101019902
0.0024274361130265606
0.0012560903922932281
0.0029263016923149246
0.0021351092118004162
0.0025302581184824388
0.0016206481261254783
0.0017332872637860499
0.0015350457964673045
0.001706675787743079
0.0015739365204897548
0.0016137699581556502
0.0018731941683950105
0.0014151687452063084
0.002142421163403012
0.0015519355213639739
0.0014393486071667626
0.00230354609806633
0.0016599965185962913
0.001554612545417553
0.00139960825872237
0.002132349067376018
0.0015727327975891027
0.0014312282979882444
0.0016399517783678213
0.0013964295620008454
0.0011652256240644065
0.0013038943118118718
0.0012298756827420479
0.0013116179478274558
0.0014720113361816243
0.0015451131171043955
0.0017189509886185845
0.0022545917632938364
0.0015967031740530668
0.0015764650224618006
0.0024497878066236027
0.0018027315581980643
0.0015413110053692065
0.0026149326214396063
0.0016215978142560617
0.001489634281608008
0.0021835456615429813
0.0024496303641302567
