1    79   82   101
2    79   86   145
3    77   145
4    77   100   113
5    100   127   337
6    127   338
7    54   129   225   338
8    129   226   266
9    93   109   226
10    93   139   218
11    106   139
12    31   87   106   214
13    87   88   95
14    95   410
15    64   408   410
16    92   94   112   408
17    112   339
18    55   98   339
19    50   55   133
20    53   133
21    28   48   53
22    28   78   327
23    78   328
24    40   74   177   328
25    74   178   252
26    44   178
27    37   44   66   183
28    66   118   184
29    184   253
30    36   253   331
31    29   39   331
32    39   117   329
33    117   330
34    17   38   193   330
35    17   194   260
36    10   194
37    5   10   23   152
38    1   23
39    1   11   89
40    11   25   141
41    24   141
42    19   24   32
43    27   32   333
44    27   334
45    2   56   201   334
46    2   202   262
47    18   202
48    6   18   57   156
49    6   116
50    62   107   116
51    62   68   143
52    59   143
53    59   63   70
54    70   119   335
55    119   336
56    46   121   209   336
57    121   210   264
58    84   210
59    76   84   125   160
60    82   125
61    348   363   367   371   374   395
62    35   176   247   249   301   312   323
63    41   192   258   268   306   315
64    43   164   200   232   233   275
65    47   168   208   238   239   287
66    172   224   244   355   357   404
67    45   52   83   147   180   248   299
68    34   67   173   185   303   305
69    96   215   343   377   383   405
70    7   16   97   187   188   196   257   332
71    20   114   162   189   267   274
72    3   15   105   149   204   230   231
73    58   111   166   197   279   286
74    73   99   120   153   212   236   237
75    115   126   170   205   291   296
76    60   80   108   128   157   242   243
77    28   45   48   147   327
78    40   52   75   174   177   180
79    49   134   148   300   340   386   411
80    34   37   67   181   183   251
81    69   137   213   406   407   409
82    140   216   220   221   223   227   344
83    7   29   39   329   332
84    14   38   97   190   193   196
85    16   51   186   187   254
86    5   9   20   152   162   259
87    15   19   32   149   333
88    12   56   105   198   201   204
89    142   150   151   161   163   229
90    57   58   124   156   166   261
91    63   70   73   153   335
92    46   99   122   206   209   212
93    144   154   155   165   167   235
94    76   126   132   160   170   263
95    100   108   113   157   337
96    54   60   80   222   225   345
97    146   158   159   169   171   241
98    50   55   98   148   340
99    92   94   136   385
100    31   69   213   214   217   219
101    93   109   138   140   218   220   265
102    11   25   89   142   150
103    62   68   107   144   154
104    79   86   101   146   158
105    48   49   50   53   83   133   147   148
106    3   19   24   25   141   149   150   229
107    1   9   23   89   142   151   152
108    59   63   68   120   143   153   154   235
109    6   107   116   124   144   155   156
110    77   86   113   128   145   157   158   241
111    82   101   125   132   146   159   160
112    9   110   114   151   161   162
113    8   110   161   163   164   191   232
114    104   111   124   155   165   166
115    104   123   165   167   168   199   238
116    81   115   132   159   169   170
117    81   131   169   171   172   207   244
118    30   42   67   75   173   174   251
119    30   35   91   173   176   179   303
120    42   74   174   177   252
121    30   75   179   180   248
122    22   34   181   182   185   186   254
123    22   66   118   181   183
124    26   90   182   185   258   305   306
125    26   182   186   187   188
126    4   14   20   21   189   190   259
127    21   41   189   192   195   274   278
128    4   17   190   193   260
129    14   21   195   196   257
130    12   13   58   65   197   198   261
131    43   65   197   200   203   286   290
132    2   13   198   201   262
133    12   65   203   204   231
134    71   102   122   126   205   206   263
135    47   102   205   208   211   296   298
136    71   121   206   209   264
137    102   122   211   212   237
138    87   88   213   214   409
139    69   137   215   216   219   223   405
140    31   106   138   139   217   218
141    138   216   217   219   220
142    103   130   140   221   222   265   345
143    61   224   228   342   346   355
144    103   129   222   225   266
145    61   130   221   227   228
146    3   8   163   229   230
147    8   200   203   230   231   232
148    255   270   272   273   276   325   362   370
149    120   123   167   235   236
150    123   208   211   236   237   238
151    280   282   285   350   351
152    128   131   171   241   242
153    131   224   242   243   244   346
154    245   292   294   295   354   366
155    72   176   179   247   248   299
156    72   135   247   249   300   386
157    37   42   44   178   251   252
158    22   36   51   118   184   253   254
159    175   234   304   307   310   311   368
160    26   188   192   195   257   258
161    4   5   10   194   259   260
162    13   18   57   202   261   262
163    71   76   84   210   263   264
164    103   109   226   265   266
165    41   255   270   278   309   315   317
166    164   191   233   272   273   318
167    240   269   276   349   362
168    110   114   191   267   277   318
169    233   269   272   275   276
170    267   274   277   278   317
171    43   269   275   280   282   290   319   349
172    168   199   239   284   285   320   351
173    281   288   352   365
174    104   111   199   279   289   320
175    239   281   284   287   288
176    279   286   289   290   319
177    47   281   287   292   294   298   321   365
178    172   207   293   295   322   354   357
179    81   115   207   291   297   322
180    291   296   297   298   321
181    49   72   83   299   300
182    324   382   384   387   389   398
183    35   91   175   301   311
184    90   91   175   303   305   310
185    256   304   308   368   390   393   397
186    90   234   268   306   310
187    301   304   311   323   397
188    314   316   326   361   391
189    234   268   307   309   315   316   326
190    270   273   277   317   318
191    282   285   289   319   320
192    294   295   297   321   322
193    135   249   312   387   389
194    255   309   325   326   361
195    40   45   52   78   327   328
196    7   38   97   117   329   330
197    16   29   36   51   331   332
198    15   27   56   105   333   334
199    46   73   99   119   335   336
200    54   80   108   127   337   338
201    92   98   112   134   339   340   385
202    61   227   342   344   375   399   401
203    215   223   343   344   375
204    60   130   228   243   345   346
205    271   313   347   364   369
206    240   271   280   347   349   350
207    246   284   288   347   350   351   352   353   364
208    246   283   353   360   396
209    358   359   372   373   402   403
210    245   293   354   358   403
211    245   302   358   359   360   366   396
212    313   314   325   348   361   363   369   370
213    246   283   313   363   364   395
214    292   352   353   360   365   366
215    314   348   367   391   392   394
216    240   271   362   369   370
217    33   308   356   367   374   390   394
218    302   356   359   371   372   374   379
219    372   378   379   380   381   402
220    341   343   375   377   378   381   401
221    33   356   376   379   380
222    341   376   380   381   382   384
223    96   250   324   341   377   384
224    85   96   250   383   388   412
225    135   250   324   386   387   388   411
226    33   256   376   382   390   398
227    307   316   368   391   392   393
228    308   392   393   394
229    283   302   371   395   396
230    256   312   323   389   397   398
231    342   355   399   400   404
232    373   378   399   400   401   402
233    293   357   373   400   403   404
234    85   137   383   405   406
235    64   85   94   136   406   407   408   412
236    64   88   95   407   409   410
237    134   136   385   388   411   412
