0.007072068517571596
0.0035975811862804293
0.0035935612632700675
0.007472748833258748
0.002700463782826769
0.0032754862051900743
0.0028150815702963575
0.007333875978319579
0.0032754862051900665
0.0034163426805447787
0.005800067611013329
0.008528604510842013
0.0029288705542536778
0.0031651712368304732
0.0028628482163327467
0.0091518287534007
0.008528604510842015
0.003533415799215418
0.0033274299964198423
0.0037707697395793862
0.00455544225464118
0.008252282776265253
0.008573220552035075
0.0026994136137375984
0.003330809966350155
0.006684408140773292
0.007275261941313737
0.003517770635359968
0.0035177706353599555
0.004787304761720748
0.002461824602135376
0.008633001452445757
0.0059609665889418
0.00988385303803217
0.008430747001794437
0.0034873667910515164
0.0043902917219569605
0.008999398916659615
0.0034518640359326967
0.0034017143016533066
0.008844869361800824
0.009883853038032166
0.005509503167809205
0.0034873667910515277
0.004437818476886987
0.0037053397216651046
0.009449960868251056
0.008999398916659615
0.007542254286919771
0.003451864035932688
0.0033915425388967285
0.006490457891041779
0.0034163426805447743
0.007275261941313737
0.0023053117855618985
0.0036197074737719147
0.007048920753049718
0.002458709241015244
0.007230641501688555
0.008782783373932927
0.007726326685229039
0.006428539386142851
0.0033005800574242485
0.007510136966999609
0.004456781687917777
0.004969494585894052
0.004356304387569591
0.0033576599053457435
0.008492823253320072
0.008461990610044007
0.0031651712368304663
0.0071466923858223685
0.0030554933971998106
0.006478447159032457
0.006097723741833159
0.007834052765183761
0.0035935612632700797
0.006865997509422893
0.00662574445668539
0.007120544566978281
0.002829142440409763
0.007834052765183765
0.009060608625357187
0.0035975811862804215
0.006404481105971962
0.0037053397216650873
0.0048267839988360125
0.002914353497089977
0.006005975865466695
0.003391542538896732
0.0044378184768870035
0.0022795939091355836
0.006261746280676782
0.006382502106658547
0.0028155948596448295
0.006916589921449383
0.007472748833258737
0.005098267722959164
0.007538877241519865
0.008461990610044011
0.005353493621163657
0.009273331562857987
0.005269180690730841
0.007503698123046997
0.005066603557742386
0.002448893177020274
0.003911019236886908
0.00735579215433846
0.002478928442434021
0.0025522856304873534
0.005851116562118012
0.003071841321569189
0.0033005800574242563
0.004628283490861199
0.0023720547894985405
0.0037607599870533408
0.00873831104148622
0.008361852165103194
0.0034017143016533205
0.006261746280676778
0.002809905365615162
0.0027124736743256305
0.004897296267461075
0.004922246978320996
0.005444698675483273
0.004456781687917776
0.007345206104807386
0.003551565746441406
0.009146851621298878
0.003275486205190067
0.0029086143789576442
0.006019603817789302
0.004852831473218585
0.006532169361628444
0.007882566880864906
0.005389347263102445
0.006102277441025459
0.0074843890937269265
0.0024104462863436486
0.004365613166347355
0.006487689758411335
0.0027284780185320226
0.0052758116887473075
0.00526181306280382
0.0030554933971998098
0.006625744456685389
