1    14   77   82
2    2   77
3    2   86
4    86   100   113
5    6   113
6    6   58   103
7    58   139
8    109   139
9    108   109   110
10    106   110
11    31   106
12    31   81   87
13    81   95
14    88   95
15    88   94   112
16    112   115   124
17    92   115
18    55   92
19    53   55   114
20    50   53
21    28   48   50
22    28   40
23    40   90
24    44   90
25    42   44   45
26    37   45
27    37   91
28    34   36   91
29    36   51
30    51   119
31    29   119
32    29   38   39
33    10   39
34    10   121   141
35    121   122
36    122   142
37    1   7   142
38    5   7
39    5   24
40    11   24   25
41    25   130
42    19   130
43    19   32   56
44    18   56
45    18   128
46    13   57   128
47    13   15
48    15   131
49    20   131   134
50    20   116
51    59   68   116
52    9   68
53    9   63
54    46   63   70
55    46   84
56    3   84
57    3   71   76
58    71   73
59    73   145
60    14   145
61    22   52   64   72   74   99   117
62    49   89   96   97   105   107   118
63    4   21   30   35   120   137
64    16   23   41   127   129   135   138
65    8   17   27   62   65   69   125
66    12   33   54   83   85   102
67    30   35   74   96   107   117
68    34   37   42   45   49   91   93   118
69    30   49   93   96   120
70    28   40   42   44   48   90   97   118
71    48   50   53   89   97   114   123
72    60   61   66   80   101   104   111
73    75   89   98   104   105   111   123
74    52   60   75   78   99   104
75    94   98   101   111   112   124
76    66   81   87   88   94   95   101
77    61   67   80   83   85   140
78    52   74   75   105   107
79    33   47   72   78   99   102
80    31   66   67   80   87   106   108   110
81    43   47   64   69   72   125
82    33   60   61   78   85
83    16   22   41   43   64   126
84    12   17   47   69   79   102   146
85    21   22   35   41   117   135
86    8   16   23   65   126   132   133
87    3   17   27   46   70   76   79   84
88    2   12   54   77   82   86   100   146
89    9   27   59   62   63   68   70
90    6   54   83   100   103   113   140
91    4   29   34   36   38   51   93   119   120
92    4   10   26   38   39   136   137   141
93    55   92   98   114   115   123   124
94    43   65   125   126
95    18   23   32   56   57   127   128   132
96    11   19   25   32   127   129   130   143
97    13   15   57   131   132   133   134
98    8   20   59   62   116   133   134
99    26   129   136   138   143   144
100    21   26   135   137   138
101    58   67   103   108   109   139   140
102    1   121   122   136   141   142   144
103    1   5   7   11   24   143   144
104    14   71   73   76   79   82   145   146
