0.00018156108537438422
0.0001818543398890163
0.0001959569356581221
0.0001666846088863548
0.00019510059796277578
0.00027170895888640806
0.00020645509467812854
0.00023570562903977525
0.00023032431109698526
0.0002978851360066082
0.00023278332332104992
0.00027481940026106934
0.00023155452037312602
0.00016775671645734291
0.0002505533895080772
0.00014186358531332027
0.00021913013634342884
0.0002705888797453118
0.00017372143119406537
0.00027118174017833757
0.00018240137880643935
0.00015140793374118257
0.00020018961487267006
0.00023358047867204877
0.00023946016624981983
0.00020685829378118067
0.00023742638151196286
0.00015414086142166977
0.00018656289239547645
0.00014546005433057696
0.00023100398458375548
0.0002059913715813013
0.00014491872072778324
0.00018921761329409106
0.0001688217194013152
0.00021729913027270994
0.000220792154847522
0.00020184239706750717
0.00016767951114798907
0.0002220989988189606
0.00015962123708654282
0.00021251923492437465
0.00019137486336099577
0.00022945039942988933
0.0001716163796330718
0.0001827603259557985
0.00016696835792403197
0.0001974589824358646
0.0002387101395262081
0.0001295094410692428
0.00023743224929203416
0.00017918605115401203
0.000129334865071748
0.00026422265431865903
0.00017299704541441782
0.00011960538587181882
0.00029182226526164594
0.00014771351146200182
0.0001814634288396337
0.00023982898384747992
0.00020372605138177383
0.00022888995792478238
0.00015739074799781037
0.00015347461020582978
0.00027362950986920177
0.0002108700293861395
0.0001459140807633253
0.00023325489878224526
0.0001839433348360983
0.00020381402244886576
5.1031943649613304e-05
0.0002693428387675049
0.0002049362479585844
0.00018389245241812885
0.0001966160143367108
0.0002848374201040475
0.00022544097656128706
0.00010549382234737952
0.000130490644110504
0.0002589989458378656
0.0001621368547802325
0.00022255294072502521
0.00029846228080972616
0.00016363402001496295
0.0002176042024377376
0.0002383398571123574
0.00016237718678560197
0.00021895824580589647
0.0001486006657119769
0.00014984587021538718
0.00017941475465090874
0.000216645100114681
0.0001860237734993738
0.00027127098781655186
0.00012886559816942424
0.00021382399456459312
0.00015264180380686505
0.00012285896449115447
0.0002043867912058378
0.00019177047902944064
0.00016137877171740764
0.00023287234754174393
0.00017396634531475228
0.0002047486626710162
0.0001897497927451727
0.00019963779953259542
0.0001814849480355512
0.00027393311725678595
0.00020496570975799726
0.00012825179087194515
0.00018429603408844105
0.00019986592623665467
0.0002933547459290156
0.0001814053176420361
0.00022648577276489776
0.00023358146240520165
0.0002761587196590783
0.00024860469373524496
0.0001073150061736243
0.00018841687961712117
0.0002469088233913797
0.00014608318207187535
0.0001950240953000309
0.00018141058500788077
0.0001476680769972765
0.00017592527985559308
0.00018750633685152805
0.0002846473269556152
0.000144929404106572
0.00020902039958255604
0.00012947972357284232
0.00015254763964562927
0.00020108512177218255
0.0001559549205142393
0.00015774815609084867
0.00018441699134875815
0.00023331214679474417
0.00014721234633163332
0.0002303599027706155
0.00012981734188452455
0.00013970014942263343
0.0002703356618033773
0.0001867625839583689
0.0001634766324920548
0.00017506756573191563
0.00021066212044593483
0.00013385747385463308
0.00012846931241691545
0.0001688149371290048
0.00016757643490324299
0.00014927348223286421
0.0001735599153776914
0.0001390605571075659
0.00023986614957108169
0.00014317336094107598
0.00027299947237585925
0.0002112540586701097
0.00016314409502971548
0.0002612320671006164
0.00019751453529830067
0.0001216339795345469
0.000255259528379377
0.00017649603416494404
0.0002555509719496126
0.00016287812704099446
0.00019675482496555474
0.00015892529557783323
0.00015404327296381136
0.0001628840013744434
0.0001659075351835381
0.00019859200225119937
0.000129334865071748
0.0002516435838505822
0.00013718654269188283
0.0002856258498001726
0.00020954384263039598
0.00014401780293351414
0.0001619590977540422
0.0002204196125088189
0.0002560115131502419
0.00016866465349238153
0.00014466065170464968
0.0001651141166531825
0.00015228809235139562
0.0002492116445289215
0.00014758079247393307
0.0001605733677615936
0.00018216434840274216
0.0001824623299498964
0.0001322280001160494
0.00015287918264263016
0.00018292768773317796
0.00020107741781118097
0.0002897084270463052
0.00024188878658128632
0.00013674543677965766
0.00015187253412941382
0.0002752703325051215
0.0002170928424829519
0.00012087449917843435
0.00027477341775389297
0.00021633317382056957
0.00024724782830136486
0.0001984365300322456
0.0001353253224807441
0.00020954384263039598
0.00011450430108353996
0.00013710033732721968
0.0001532817041271625
0.00012063589885766648
0.0002272307463146452
0.00020082956027526805
0.00015963291214215526
0.00023421929925415328
0.00023386113933798465
0.00015285999615868373
0.00015759428102408383
0.00016368674694379427
0.00015525849526248697
0.00015819973923731408
0.00018902647368620112
0.0001964613941406091
0.00024955169107938554
0.00014901766208997517
0.00020040314515734723
0.0001492663151612027
0.00015867164882995416
0.00012971648287258408
0.0002329867436946072
0.0001178196017329993
0.00028414847380204286
0.0001923439005976226
0.0002602844502721751
0.00020319505273310335
0.0001923439005976231
0.0002774958051830883
0.00020908947842664073
0.00020297920708459318
0.00026960943095665353
0.00022803589809163743
0.00022689570460318674
0.00020786071327790216
0.00022946191836809972
0.00022132968402484494
0.00020483364609521267
0.00024654441047563023
0.00023908895996464167
0.00020193992260330023
0.0001881069422096657
0.00022976991546857207
0.00015666317062963415
0.00020301164128217795
0.0001513534173088379
0.0001522446000231368
0.0002578812935417793
0.00021498095317941366
0.00027416231983160304
0.00014979215066061885
0.00014003590811257943
0.00015064355177367054
0.00014639183848225366
0.0001363877600762197
0.00024394288355678546
0.00022672624113725286
0.00024300453761832698
0.00025685083544326425
0.00012726247930588145
0.00013299278934035384
0.0001312777506308795
0.00018415196038726688
0.0002366214956258517
0.00023670751100634147
0.00014244282950345584
0.0001539260038999494
0.0001673076188752593
0.00014012248448091032
0.00014639183848225328
0.00018201095376524736
0.00023029059103384274
0.00023295620157716616
0.00018766978341410297
0.0002493875796108022
0.00021120997040660855
0.00018201095376524728
0.00018415196038726648
0.0002498969774843788
0.0001876697834141029
0.00023382645454200936
0.0002656162727740594
0.00027106850192662815
0.00014190787565431743
0.00019831902857287515
0.00014415648327059031
0.00023741356174209805
0.00023876905422601978
0.00019423771556605605
0.00021522192829557743
0.00024280192091731643
0.00021895824580589615
0.00021857250716417372
0.0002201298261711815
0.0002396705604240097
0.00018700483654711213
0.00019090635163902973
0.00019848142383180312
0.00014881672389384533
0.00012666283403644108
0.00013568872628165994
0.00013176214755737181
0.000170488216749314
0.0002857820775087964
0.00023875667846048627
0.00013092646971471722
0.00016477466573443093
0.00014244282950345578
0.00012246702458851055
0.0002564039875758427
0.0002659167628464844
0.00013586377745229325
0.00020919481583530491
0.0002028901305176079
0.0001986342629352335
0.00013092646971471717
0.00013410985291456332
0.000260074321436594
0.0001609014690382919
0.00024380439524697133
0.0001952614421639209
0.0002210712962439752
0.00021486309535362564
0.00013058342933250922
0.00021760420243773754
0.00013595757824278815
0.00015113513798323752
0.00020609461373938352
0.00012537774483851463
0.0002541996842810073
0.0001511351379832373
0.00018434636105954343
0.0001961920998809003
0.0001939630937251694
0.00022438099954133137
0.00025582165952336684
0.0001428456371609314
0.00019294028772451842
0.00022011363091572068
0.00027720821983094504
0.00018004404037716285
0.00015130073079527352
0.0001479356885751306
0.00013299278934035408
0.00014003590811257938
0.00014623200951961138
0.00014303860450580317
0.00018303852075385405
0.0001780960867600181
0.0002790648348009987
0.0002575651455346324
0.00023759918562654583
0.00020099651200160024
0.0002558216595233668
0.00017502416495498774
0.00018559539410206228
0.000240588241932756
0.0002894194161598946
0.00028259487579547645
0.00013888266950710774
0.0001780960867600182
0.0002582262519833173
0.00028533234003243397
0.00021001155713549135
0.0001595000877321446
0.00012940727135075394
0.000263958346909386
0.00026460077396717023
0.00012936499326113055
0.0002438978807728677
0.00016931693412417756
0.00020571913818623824
0.0002116518841535255
0.000280908268196572
0.0001783820851965293
0.00017835183812774748
0.00021611116931306764
0.00026648258923672697
0.0002263557970733788
0.00013996901632977864
0.00022482985654831097
0.0001561595338295766
0.00014855564498683838
0.00015215217458253177
0.0001562734601586069
0.0002884649195267718
0.00018031746869436738
0.00026648258923672686
0.00023433953361850417
0.00013568872628165972
0.00014415648327059075
0.00015865828560390733
0.00016540277160281776
0.00015911288545861864
0.0001488518292972283
0.00027115099039206426
0.0002597938838985273
0.00017786889309860256
0.0002459618486530793
0.00028126561694965927
0.00013629673469644273
0.00028909761038967076
0.0002555008465783622
0.00013842989130418977
0.0001399109966926089
0.00020652176637201325
0.00019682729690330652
0.00012537774483851473
0.00017133795452728244
0.00023563829016404734
0.00013355478060000814
0.00018745497998614463
0.0001841579357256555
0.00021062305524098025
0.000178470529543432
0.00017656800998603397
0.00027802158074635523
0.00020493798115246492
0.0002363067989297849
0.00012995375047969646
0.00018597767950759026
0.00015436196466844972
0.00026020245688516703
0.00019236062739724292
0.00027755365556613137
0.00013461676518079356
0.0001800525396743266
0.0001360727798779555
0.0001836994575699772
0.0001923606273972428
0.00026996340617780663
0.0001811153322198767
0.0002928784875125952
0.000195610464567536
0.00025381563189292363
0.00014415093743953378
0.00020915117311259577
0.00016857256488713064
0.000253280922604178
0.00020644142650728053
0.0001503001132192775
0.00018070232507119252
0.00015974003999317878
0.00025028433512929056
0.00022793044103211133
0.00021556979014551725
0.0002379956676740627
0.0001636225162171485
0.00014116889583510873
0.00015789747379532052
0.00016904559810022423
0.00022940402070939275
0.0001867008796289441
0.0001402197258746098
0.00027711261805251903
0.00013935260506521161
0.00014426490385101233
0.00015275766958085918
0.00027868459131682034
0.00019639629571263206
0.0001855454254665376
0.00015508222296571183
0.0001450485795299898
0.0002833437682837741
0.0002024544786029676
0.00021525077489928824
0.00013894592662873765
0.00018457684061612596
0.00014735180277656071
0.0001461559344269506
0.00015395704946332583
0.00012953898851257486
0.0002553101079633578
0.0001389459266287381
0.00023457839196055629
0.00015964967966153017
0.00016001034206906527
0.0001450485795299896
0.00015952418419271476
0.00013290430006750805
0.0001627410588906661
0.00012423359544501346
0.0002197277519241824
0.00021992891551209136
0.00013735614854381282
0.00013346727575676298
0.00019136075716682144
0.00018575852533283285
0.00012663748241945803
0.0001488372963843805
0.00022093164617931758
0.000150635329385852
0.00026137167924362656
0.0001895234405875034
0.00022865535203647053
0.00027776002904300254
0.00025180164925888695
0.00011827278732051485
0.00021114739188702719
0.00019975639434665179
0.00020213409950888353
0.0002821622679160382
0.0001983562305056545
0.00016096397240525899
0.00014937842574200212
0.00012753053196396034
0.00013026034241982084
0.00018476924288727805
0.00017180122454588627
0.00020060911753576728
0.00016021625050073512
0.0001483002218653403
0.00020888427921001503
0.00011858255519908557
0.0002844514221531588
0.00015668841140217328
0.00018521479578492814
0.00017704977314041332
0.00015249397882005937
0.00022093164617931823
0.00020936881132647988
0.00015917395731033309
0.000182272295694543
0.0002264870267373578
0.00023827401563358667
0.00022200847660446086
0.00018149470860206822
0.00017186084300806637
0.00027293069306928177
0.000140069698431939
0.00012941896434399643
0.0002060676763547993
0.00022307435494315232
0.00023401515755356976
0.00016825098932988114
0.00017599173616927773
0.00016442453629562958
0.0002676661992442324
0.00016337930411947148
0.0001561260277785862
0.00013346821895620937
0.00019120020099723788
0.00017224535631039125
0.00017724328946362104
0.0002301422544094382
0.00015521834967836977
0.00015779708763986248
0.00017864933911159288
0.00016948833516437388
0.000220943799407812
0.00014168287771663452
0.0002057932931313212
0.0002142239062899328
0.00017742174692262486
0.00015745484569691843
0.00015433483757688535
0.00024822473330829735
0.00016968982109420673
0.00013628635083841637
0.00028239682914651433
0.00014062759955547248
0.0002611992331550191
0.0002190493239420002
0.00028767932558398436
0.0001447627789123592
0.00017761722921313906
0.0001771711151507731
0.00016716209854891035
0.0001501252685970789
0.00022012968750156122
0.00020570343257245833
0.00017442401323293413
0.0001491645111482791
0.00017073139725680864
0.0001645297703038351
0.00016288483684150762
0.0002463514232973554
0.00022343377420416956
0.00024064605039380356
0.00017442401323293402
0.00025861686241434386
0.00020564780627628986
0.00018347265217649603
0.00021785419917532225
0.0001551576148734583
0.00014924791041530166
0.00013583719403076832
0.00015201239005352635
0.00016977238096697682
0.00021569790468052856
0.00026391602631673536
0.000196718300457456
0.00023401515755356973
0.0002301889675213407
0.0002624333758101771
0.00018752054281084298
0.00020709558876422633
0.00016328541122479488
0.0002151579921777472
0.00018469678632262337
0.00020515310013777136
0.00014945810541968198
0.0001813355195485239
0.00024854994000294943
0.0002159035895632729
0.0002052465491456817
0.00013346821895620893
0.00024337745729244385
0.00012893390468428172
0.00014138629615907444
0.0002154948554999549
0.0001543234080928406
0.0002586603911810515
0.00014903671550244436
0.00013540106665777853
0.00017257606454355238
0.00022781801140778581
0.0002638322930080209
0.00016935918751887424
0.00015201239005352635
0.00013677806513791584
0.0002111392525320397
0.00019081368151359633
0.0001386434732677655
0.0002204804320994618
0.0002398252384516633
0.00024314967887012007
0.00023258957748613395
0.0001324098068450739
0.0002970999372381329
0.00013263201349987953
0.0002598205016013447
0.00025482402491405466
0.0001330091030009491
0.00017953209390130106
0.00013263201349987964
0.0002616600918499976
0.00013278297204217737
0.00017077462531873934
0.00015343696601714872
0.00024555718026887966
0.00019739024781405235
0.00014860475583873653
0.00029931833525847877
0.00013689454111222906
0.00016096397240525904
0.00013844762076777452
0.00016471756150820754
0.00018053034064869928
0.00025283090945710186
0.00021678128285485492
0.00021010633865474774
0.00013348960466759603
0.00014646638547949147
0.00023892404556472057
0.0002103618806945486
0.0002616865495885486
0.00012423359544501351
0.00018902647368620128
0.00016472839006987467
0.00021512451731424105
0.0001360727798779555
0.0001807023250711922
0.00016378701026189911
0.000176476277518634
0.00017300423261702898
0.00021010504225405963
0.00016330371472644128
0.00016878341456602586
0.00022474572258295955
0.00017535193354029587
0.00014780447733953766
0.00014214710805102323
0.00014204010349706938
0.00014623304328638832
0.0002328751046860567
0.00017724618559162436
0.0001935146786216039
0.00019505905166379046
0.00019444733421804293
0.0002410359153811833
0.00023546661307930882
0.0002486377768660805
0.00018574086065227015
0.0002706150175919146
0.00016871551927147787
0.000178865288018178
0.00019591234297391394
0.0002304596902733074
0.0002547985464483409
0.0002111280705713297
0.00020280852422368038
0.00018910301264429808
0.00014538203799995735
0.00014575616357709027
0.0001936741835217268
0.00025356309869862376
0.00014441410551544517
0.00023070185467977724
0.00022493105599588137
0.00024457630876728055
0.0001578932430060712
0.00020249540631294454
0.00021885772233610045
0.0002957986430377209
0.00022963845468373497
0.0002712950435248642
0.00014051988944178474
0.00027604164448727115
0.00013537263787164236
0.00016024094835037276
0.0001267235796967461
0.00021260756978887783
0.00017826963263293876
0.00027130999102365264
0.00021572154249959374
0.00016709491146382413
0.00014796995483314676
0.00025741925899947556
0.00014709812473759462
0.00024006607562476252
0.00020594344330601873
0.00013290430006750788
0.00020218657021011212
0.00022115181780709304
0.00019495037061813703
0.00026884488287941136
0.0001687338907033634
0.0002442421468923673
0.00012413677833038534
0.0001738413309879715
0.00019805364939310495
0.0002681423906642729
0.00016316229551819423
0.0001718012245458862
0.0002584643169452295
0.00021353351051289616
0.0001460866707319887
0.00020475842117381033
0.0002481691263642717
0.0002784602549142161
0.0002112900105170259
0.00011111776442902365
0.00010565427877142451
0.00010565427877142451
0.00021069913981071998
0.00018031746869436716
0.00029021822552271283
0.0001784994506840664
0.0002750927093829054
0.0002730689248672566
0.00021129788648383387
0.00020326559553027418
0.0002673311815830869
0.00018832623222427838
0.0001301952116061402
0.00023068579811305482
0.0002149051923539173
0.0002610861311116634
0.0002826029690382731
0.00022084989189952555
0.0002566378935622913
0.00017058205222311154
0.00013805205604222912
0.00017045776311696344
0.00015749416523807934
0.00013044143876067083
0.00015403454344957153
0.00015030674704475267
0.00013613847789481232
0.00019507445136973363
0.00021592636450389437
0.00022189149285235321
0.00025320638113700815
0.00024016756061999867
0.00014313054531576866
0.00019034397898356776
0.00017660822096800862
0.00018494206447038607
0.00013666806779874486
0.0001807456858481037
0.00015904117180404328
0.00016662670899315524
0.00020477575883623672
0.00017265821989588905
0.0002762340520845192
0.0002453126129723295
0.00017161637963307203
0.00014576586022922288
0.00016080594017093284
0.00017291494314005166
0.000177234953760859
0.00016805307301187653
0.00012790558648303444
0.0001481198623773548
0.00015915923282362006
0.00017842675710429568
0.00015617342576588144
0.00018753647814449955
0.00015681104026516422
0.00019222153664953103
0.0001845703919706133
0.00019222153664953147
0.000239761073900517
0.000295589732634213
0.00021631165878969712
0.00014821277496551927
0.00014364007061978324
0.00021437683907938373
0.00020210208949485338
0.00014364007061978346
0.0002046178185903724
0.00011788997811901952
0.0001775359513586914
0.00011788997811901973
0.0001635328535438681
0.00021052408020153044
0.00026320742796485507
0.0002133523851364067
0.00017601969804403221
0.0002635634287197408
0.0001854137321925589
0.00021979156338188655
0.00019033383618868415
0.00022879050291538076
0.00016279661904940483
0.00019448706785739475
0.0001556497001580304
0.00017372784120282076
0.00017923510108221793
0.0002582730485562101
0.00017842675710429568
0.00016378701026189922
0.00016857256488713064
0.0001364795754337331
0.00014491872072778297
0.00016967440269553136
0.00010392563037244979
0.000246504181114578
0.0001939205320295274
0.00024580975611288567
0.00017972585362852804
0.0001770824177226211
0.00021620328488371546
0.0002253376818660991
0.0001210570259136855
0.00019427881784076124
0.0001732186095117637
0.000239761073900517
0.0002014341570600606
0.00017723018588377843
0.00014083709945844495
0.0001666736962989213
0.0001634957583027028
0.00022983124936552324
0.00014714605504570965
0.00022752466867343238
0.00015511431489613784
0.0001878234058884957
0.00013447654202745853
0.00016112108134661192
0.00022341734341819043
0.00021942345957166095
0.000141435988277924
0.0001796084365325158
0.00013898340680649525
0.0002026330009725569
0.00011125165089523673
0.00016768405997565636
0.00023266035928357447
0.00014697417939002434
0.00015957908329931013
0.00014477476269290294
0.00023172781049144407
0.00018248056662474414
0.0002840556278065243
0.00021577256817808393
0.00020831810976617172
0.00019158747594136185
0.00018312195850507225
0.00018616207880210278
0.00020905755410223145
0.00018973104017322353
0.00025251897652297877
0.00027659784080342684
0.00017782716257529717
0.0001455781099313513
0.00016266174979531452
0.00016102853719057665
0.00029404275887836857
0.00014108664228484826
0.00016620490659600322
0.00019227063304774706
0.00027568443879633867
0.00020109124219173935
0.00013656595185050245
0.00020804328216069432
0.00021444821878900244
0.0002003051487955525
0.00013699699796685197
0.00018614021882387135
0.00016850535285896188
0.00018337287652010135
0.00023568639074074632
0.00014838620570380482
0.00015479917401063203
0.00013988867668863515
0.00027573446815081556
0.0002773930198061354
0.00016674930806718884
0.00023587815841910218
0.00018677226834024063
0.00013848744699027386
0.00012122473152340486
0.0001974717900070414
0.00021094403760266688
0.00017932003168223253
0.0001535303557799898
0.00023587815841910175
0.00013744006504992894
0.00020024483625259457
0.00023982454141988185
0.00016837864569126451
0.00022169478303391552
0.0002478186187742146
0.0001433647776094387
0.0001517919736206757
0.000180735694171716
0.0001378585790269768
0.00013938516961452914
0.00011111776442902376
0.0001820436831962592
0.00018110732996604013
0.00011215521262644874
0.00014354942989584026
0.00014142305557769957
0.0001282057502144503
0.00014677939425319052
0.000208628124996957
0.00018971744699633713
0.0002058422213858037
0.00020965347123738393
0.000184752913121496
0.0001679117600296053
0.00018649841540620857
0.00016806590198594688
0.0002112900105170262
0.00021259202884165517
0.00029603205530741577
0.00019831054033222318
0.0001542449924475743
0.00017190408428082466
0.00019656523805163033
0.0001415012082531461
0.00014062552127880237
0.0001721374987346742
0.00010952756812957176
0.0002210953118073864
0.0001669672967005694
0.00014848637238219987
0.0002251977293175212
0.00023936645253024632
0.00017769208419067973
0.0002718628650306364
0.00013984400118190621
0.0001241517354511182
0.00014828776784697175
0.00015901264787502754
0.00028412497492825246
0.00019217005817601975
0.00014254703475480887
0.0001631377557684342
0.00013225648139879743
0.00012484418153358844
0.00024433135068289936
0.00018363557086267497
0.0002612657932727553
0.0002498990077828612
0.00012952261796610057
0.0001622172845837178
0.00026425271624393263
0.00018677226834024085
0.000175192776518375
0.0001321427585383295
0.00016407967421180327
0.00019285490648098674
0.00014408293023107958
0.00016614794570117935
0.00019578840645642314
0.00014408293023107952
0.0001983935433771792
0.00015498818551811327
0.00015498818551811316
0.00017558278061030898
0.00022969398207898806
0.00022397931874818387
0.00017700026780000967
0.0002727465612208938
0.00016476485839160663
0.00013325132026337282
0.00016229568848314074
0.00016614794570117962
0.0001908183445208751
0.0002334512287102998
0.0001514961613535503
0.00017238465322854182
0.00016284970729704435
0.0002517739584405503
0.00016378672587335791
0.00021387315460365177
0.00016378672587335791
0.0001816014988747089
0.00020497643842479814
0.0002402452020944931
0.0001499425178201962
0.00015709140163244783
0.00016116708715810304
0.0002909981509713451
0.00012278030207136593
0.00027568970983195187
0.00014744972957712887
0.000215564969172047
0.00021426713836143665
0.00017439877485302818
0.00016735001691906047
0.00011284958362460951
0.00021278462810283595
0.00014608480765342146
0.00027024636769946053
0.000205039772163647
0.00012194798071878204
0.00019943793190764828
0.00025190584032573843
0.00015730337123468201
0.00020465098963767022
0.00024021296682791673
0.00027883654342238996
0.00021662954201750822
0.0002556434486052036
0.00024304496223339668
0.00018426658315081842
0.00023744266807939046
0.0001766980214925161
0.00022879560847247266
0.00016426175073083705
0.00013190842505527654
0.00014577886216478536
0.00022336148741180465
0.0001994277660678774
0.0002910786764267494
0.00020359404135100495
0.00015298618477015613
0.00022764545072554484
0.0001584853160033397
0.00024166935659806175
0.00018656289239547819
0.0001797717935856152
0.00016637898917788545
0.000181262008756412
0.00022958887685426126
0.00016647105136222053
0.00028982047336796254
0.00017092037070468458
0.00025283762581675313
0.00020231994523369984
0.00020857017291709204
0.0002166225233457414
0.00018981738048567433
0.00021048886079683287
0.00022298796069800122
0.0002596166944864235
0.00029124393298032673
0.0002620685180224286
0.00022025364474372814
0.00016511596575322324
0.0002392473182337585
0.00020426127123437552
0.00017794216091094293
0.0001674219816991632
0.0002584695070419879
0.00015032344689923892
0.00019179285770974143
0.00019240909956791223
0.000253162031732827
0.0002188989548496112
0.00020707293890105498
0.00022640596500506397
0.0002781004687967396
0.00016031503412150799
0.00021412764605857344
0.0002280578447106901
0.0001368843917694579
0.00016487048769178855
0.0002086225138721111
0.00019498692178747997
0.00019225833211977217
0.0002415526485090773
0.0002535715367941631
0.00015138806554997226
0.00017419993219398627
0.00021293885033894528
0.00013687457163108702
0.00019726867062346129
0.00020882307401969284
0.00021057264076743522
0.0002652331723214979
0.00016581596785037443
0.00013874145506455717
0.00012242231886862743
0.0002862461701428889
0.00018910038787985298
0.00026949872405196147
0.00015823888524662058
0.00019206174552509098
0.0002767373134466922
0.0002426437275856025
0.0002077642906189803
0.0002328014650415884
0.0002775438497133163
0.00015257865926758627
0.00021936950543355056
0.00028859223865261054
0.00020175696473739423
0.0002670023103589379
0.00018168343692078143
0.00022030908976619244
0.00014449097483409533
0.00020570343257245768
0.0001525786592675867
0.00017398902497037586
0.0001539238774761122
0.00016748639372063823
0.000228286495846374
0.00026742131709574647
0.00020475658111319614
0.0001538205541136709
0.00022722401377395533
0.00021456170372744832
0.00015169023998964242
0.0002633642280647215
0.0002689419800754665
0.0002565229764518264
0.0002704241010806866
0.0002576883368166381
0.00014202443818301627
0.00025701696855695566
0.00023293720718376462
0.0001661198455053581
0.00010952756812957176
0.00020165736841681208
0.0002294346593398047
0.0002711836443390686
0.00021721348007866514
0.0001420244381830165
0.0002834499665087761
0.0001950953087760399
0.00011532667882010832
0.00019537427789262214
0.00020113115971931656
0.00016740221591227122
0.00015108889231742412
0.0001221008262401439
0.00015491165592610313
0.00027554346266085543
0.00023651890031640434
0.0001654728748820139
0.00021491936411627516
0.0002598629678820562
0.00024939676487314424
0.00012608748579004967
0.0002935895725619587
0.00019636266510595453
0.00015764891350431628
0.00012655747847963483
0.00016696835792403154
0.00011833956777225485
0.00029362044601336434
0.0002105799422717693
0.00020705679829706003
0.0001592812755266894
0.00012601946803146905
0.00021055745251109
0.00013264522547084363
0.00011547437864444562
0.00018268508690792978
0.00011662538843359147
0.0001222248410197703
0.00022980299858050418
0.00028640246537359583
0.0001954655952653608
0.00011658154582463727
0.00020411970733381652
0.00011658154582463727
0.00016484379461936924
0.00021055745251108969
0.00017277868335453496
0.00018119197199566617
0.00017289452569788143
0.00022801020573346044
0.0002265328673806481
0.0001581434914467061
0.00014166673026804995
0.00015496467647987342
0.0002164469832896923
0.00016443477879345754
0.00022414908693951566
0.00017364733070912098
0.00019841773678998324
0.00023237989511451138
0.0001848825180717663
0.00022939892415344747
0.00015647721951973027
0.00017938404824114176
0.0001656328738385128
0.00016920593478454872
0.0002279711393427591
0.0002231594496740685
0.0002901166194688174
0.0002508390458111074
0.0001908730412421367
0.00024878159646007795
0.00021523462399315458
0.00017270647042997634
0.0001562317961174847
0.00017939385881298635
0.00015062532031151268
0.0002485725439597439
0.00012809470272940197
0.00014262087280142604
0.00016252650788403398
0.00022442866142092838
0.00018822820746569347
0.00015765219886360317
0.00012809470272940194
0.00018899669982351254
0.00013190842505527646
0.00023135253406088524
0.00020291939364962003
0.0001538456974864066
0.00013833964085366274
0.00014847519866269655
0.00012194798071878204
0.00014194980909595041
0.00028879136122130183
0.00029515696582751636
0.00011532667882010832
0.0001039256303724499
0.00011215521262644885
0.00010368077466881291
0.00011512068822566946
0.00016694587124057865
0.0002089768502287311
0.0001891930951526652
0.0002911167120324314
0.00017579589571835265
0.00015943336564850058
0.00024993829170424247
0.00011609343670070668
0.00014192002523536102
0.0002568849742674265
0.000243087613572411
0.0002149014499830651
0.00014956875387239798
0.00023127263670867876
0.0001323588865384626
0.00019437174960193712
0.00015574972933941861
0.00016622437182935412
0.00012207547656792496
0.00020116388854606992
0.00016947077336666185
0.00029584101551447374
0.00018013779125299599
0.00015172001018436354
0.00019388150543164166
0.0001422373375077348
0.0001323588865384626
0.00020264300685969333
0.00015093816533055568
0.00029620593129020935
0.0002019377811361858
0.00020154647957108633
0.00021014077271005885
0.00018398172095792005
0.00012715654119759738
0.00019916690513324415
0.00020221517326342601
0.000258540829670316
0.0002220702886969678
0.00017270647042997634
0.00020239897930657736
0.00020793202171464172
0.0002233344438882976
0.00015600415618994559
0.0002713186893006219
0.00022359038571651696
0.00019059219636530602
0.0001458258463281952
0.00016921240972892211
0.00014229606107732411
0.00014239735534673188
0.0002334123161879995
0.00017461592402554676
0.0002939173463353397
0.00014194980909595044
0.00014675690180375326
0.00017566130057546702
0.00018416583689373722
0.0002487114569130148
0.00016952042116899274
0.00016194051839822881
0.0001494584102537279
0.00016612830488607427
0.00016736076085406516
0.0001300717019916696
0.00017501251451909313
0.00020972374977290585
0.00016848605878575255
0.00022673184161689855
0.00012038099359165594
0.00016848605878575212
0.0001846100427515874
0.0001955519835310942
0.0002387178822873511
0.0001768240741148678
0.00021495809051087994
0.0002081649197365294
0.0002129126152487443
0.00023610865338296748
0.00013555359292137105
0.00012095884335960752
0.00013948171545967187
0.00015486818788846852
0.0002271642426998348
0.0001677372500879428
0.00017046913851400227
0.00021864395171172465
0.00023085274140664138
0.0001309045932252254
0.00020696209105711388
0.00018833865577531353
0.00016003242261865063
0.00028251155109146504
0.00019526344720925248
0.00015703998412462542
0.00017004762660163255
0.00012095884335960741
0.00017499068207512108
0.00020328268965117118
0.00017026931657406505
0.00019075968106824735
0.00019392370496492057
0.00024578461943699625
0.00013973876283301283
0.0002201574394500418
0.00021730224975177552
0.00019956395972263279
0.00024127196831669087
0.00022934500874374612
0.0002134330518526969
0.00022574700958198917
0.00018343611165194543
0.0002442843008889266
0.000205568313197956
0.00020257982143124555
0.00015309677056748907
0.00020157933929294033
0.00015733152516427158
0.00018933235749508834
0.00015758438271390375
0.00019838738005066345
0.00019565505940933366
0.00020754711941400297
0.0001802994154096152
0.00013985743660442846
0.00022518648233713643
0.00020355165141620326
0.0001766733132522849
0.00023781949549627358
0.00021744305724307193
0.00016599465426577354
0.00016554379987898852
0.00017302122882564678
0.00013934221230040987
0.00015420178815119705
0.000180313192467099
0.00020339867468699186
0.00013695476073399566
0.0001530967705674893
0.00020180962151922276
0.00022048776108506298
0.00013306905562720302
0.0001849681634199568
0.0001563522227318949
0.00023301241015722112
0.00018668939427181265
0.0002707828685182834
0.0002922732366251482
0.00026577143621966454
0.00018341218987874552
0.0002306157135023413
0.0001577964553630413
0.00019526344720925248
0.00011185373144471326
0.00018421797555571865
0.00018856266223551206
0.0002116546376547978
0.00024549315134508995
0.00024056334173254944
0.00017074916754898097
0.0001879835598167526
0.00027613324243164574
0.0001935881017310649
0.00024854841346058404
0.0002608865869460953
0.0002960320553074159
0.00014340542127644124
0.00015608554891200128
0.00018525727896482008
0.00017465414625426434
0.0001682767851578852
0.00016063197326615934
0.00023301490067450582
0.00018111921102870816
0.0002036009189658732
0.00016817450016977636
0.00024057525850419118
0.00018973332757184723
0.00014280551913653896
0.000163762024233558
0.0001731493977678648
0.0002219540884504348
0.00014970975857630175
0.00014908293117818798
0.0001784268806919475
0.00017035759328979985
0.00023947782753978243
0.00015729560614378846
0.00017510309496771552
0.0002569097222824485
0.0002475622091633445
0.00015514075869230696
0.00022152677190683461
0.0001880979027574535
0.00011559011866505705
0.00018681808680170986
0.00015856843827204934
0.00014847519866269647
0.00017794380786124238
0.0001568081097267802
0.00018973332757184712
0.00012648517428511427
0.0001478260508507136
0.000286245308077108
0.0002465165372120871
0.00019497364643483435
0.00014653898576218118
0.0001242683472533941
0.00018815143047379822
0.0001242683472533943
0.00017786232694858955
0.0001982729356309333
0.0002363689100511729
0.00013332741958918364
0.00016952042116899285
0.00021873462715320952
0.00024648907932688655
0.00020447547042164638
0.0001505326900129207
0.00022683486795961843
0.00018398172095791983
0.00023059486533207247
0.0002025401833817812
0.000251615310124425
0.00023909355938417668
0.00015119109139465645
0.00024340852079450168
0.00019941712049632572
0.00011506633103506724
0.0002291635554663783
0.00015095094320971255
0.00015063075700462596
0.00015647721951973033
0.00011924107424804393
0.0001242168447305144
0.00017274694969922626
0.0001679117600296054
0.00023603883289156295
0.00019644743656973198
0.00025280308705009246
0.00021808378690164076
0.0001546130348660334
0.00013616170758226902
0.00018126640822966591
0.00023783150913264916
0.00022949488837669004
0.00014499211463170364
0.00021387148660309248
0.0001982729356309335
0.00018700824552987693
0.00014560034150558473
0.00029206731064671595
0.00015600415618994548
0.00017530334179748994
0.0001608472573832972
0.0002026761218007668
0.0001844025175618259
0.00015967404355734225
0.00014987168879946125
0.00020040714144484422
0.0002016953807739317
0.0002989099656577332
0.00015892393138988454
0.0002525624933549617
0.00013454283479146455
0.0002539941373004748
0.00012755167851359172
0.00023227475015127723
0.00013454283479146434
0.00013381394356954562
0.00023027559077204622
0.00019395993658665204
0.0002694732525277321
0.0001275516785135915
0.00016773725008794248
0.00025817391289147335
0.00017272557484635225
0.0002519098697943813
0.0002590486946476762
0.00016785193395974502
0.0001318078844840427
0.00022383281009110594
0.00017112647407431904
0.00014371780102357692
0.00019741802625956742
0.0001450953631460636
0.000251221041472534
0.00015435516016444693
0.00018336332675061937
0.00029921930078826613
0.00023856658267543953
0.00014779352800070068
0.00016743634274799662
0.00013669526376305506
0.00021371137993161937
0.0001532307970871463
0.0001839174285352121
0.00018650283612468973
0.0002774249575627659
0.0001688077213191795
0.00015359605972784874
0.0002613358437601592
0.0002717501637824445
0.00017372526286815114
0.00016975183699731748
0.00015881518091221455
0.00013980070547944638
0.00017552739765893397
0.00018974573273861182
0.00019733120968800982
0.00020254776098924555
0.0001544235235995937
0.00014781226266271752
0.0002608138332594956
0.00017125660548911311
0.00015359605972784917
0.00014061059649603247
0.00013792258833351473
0.00014716067329320105
0.00024277485988014134
0.00015224973063258712
0.00022364040673381296
0.00019899974413309113
0.00018395878044175822
0.0002260030058089728
0.00026008147028457214
0.00015558458997438272
0.000205086689126621
0.000254167592773634
0.00023128097490229062
0.00013613847789481232
0.00018821357734514447
0.0002792417827277092
0.00022568400689288045
0.00018684197251941025
0.00025352776625089924
0.00012783109036859294
0.0002204405483105813
0.00019249978732995758
0.0001637610236155209
0.00019834696476160856
0.00015899239403678925
0.00019094206300911544
0.00020377829260412295
0.0002979290224480347
0.00017670374172190856
0.00029339963850063796
0.00021761387377680565
0.0001836261653785933
0.00015962123708654274
0.0001870020687440796
0.0001233351128704829
0.0001763673721939668
0.0001434703811677375
0.000176963330274376
0.00014720636701420395
0.00012101551119370686
0.00018475668649721834
0.00023209970238360282
0.00013655441681238137
0.0002552357515528314
0.00014145066452503482
0.00018430314151573134
0.00016957647684521994
0.0001414506645250346
0.00026695687839583745
0.00015349265542871074
0.0002197481852414232
0.00029458341093421304
0.0002230411264756494
0.00024396274067762017
0.00022161836894874333
0.00022188953955605203
0.0001688059143664962
0.00021097954245142474
0.00020416385174251218
0.0001825758281505769
0.00025667428282217234
0.0002128687624778742
0.0002541872680085853
0.00022731841271656698
0.00015344383941989
0.00015134618092471828
0.00017600864030381308
0.00019419525771921284
0.00019483512020146296
0.00018554344376575877
0.00012603278623130162
0.00019681277554524807
0.00027211082193033824
0.00019180651065626905
0.00016662857310511712
0.0001613490339337634
0.000239026456959138
0.00023172706510798697
0.0002546439611367385
0.00016546177294039977
0.0002523080311007843
0.0002309741872927796
0.00014233303614771158
0.0002432143225502653
0.0001999129515982878
0.00019490691440221173
0.00025901152795839496
0.00020908414922890265
0.0002210149109953182
0.00025283265748210027
0.00017530334179748986
0.00018833318136915033
0.00012554846023237447
0.00015765219886360312
0.0001444141055154451
0.0002103858980859374
0.00023405825847313733
0.00014353603269707686
0.00023339217622024685
0.00021247618851735967
0.00019435845098876345
0.00016710184415471484
0.00023339217622024685
0.00020209120150787682
0.0002071817571167931
0.00014361646812161133
0.0001651738459923299
0.00024982326610846847
0.00014701952669956414
0.00028376834426130696
0.0002778841765249257
0.00017074699315916216
0.0002663800854865227
0.0001957394732270294
0.00028563811321710513
0.00020550538976400572
0.00020843853058526065
0.00014564468856551456
0.00014256158125891126
0.00019864022139698075
0.00020754711941400297
0.0001437178010235767
0.0001614388972493567
0.00019593488380599167
0.00028265271363533886
0.000215701627807628
0.00026849838792127045
0.0002071489266866262
0.00013518178197337435
0.00011839625372025606
0.00025026044874064336
0.00019233935201242662
0.00015063075700462596
0.0001916764414563502
0.00022439062690641847
0.00012567745065924076
0.00016160720388147263
0.00016591793719330432
0.00018478907825574437
0.00014964929195205147
0.00023712299472694685
0.0002707238584874033
0.00023712299472694685
0.00015415739094397574
0.0002196615070518299
0.00013430006553050752
0.0002520389345118078
0.00017647549495609298
0.0002500252749595525
0.00014339503478875517
0.00012577867396088385
0.00014485329193396628
0.00022451869004989434
0.00020428030687987746
0.00019461874341807425
0.00018412388671080457
0.00020428030687987691
0.0002473488274502152
0.0001538836170023662
0.00014410004197068255
0.00014630701114216058
0.0001538836170023662
0.00012122223934265137
0.0002902547560631722
0.00016377675982987217
0.00017309556228577345
0.0001419210723349583
0.0002689147790764033
0.00018633517600117992
0.00024186518731034192
0.00022740095877433184
0.0002446753018544698
0.0002575732839664145
0.00016145322839847265
0.00011837977284263001
0.00021936128782764014
0.00010967225588243232
0.00021068244434640926
0.00022012384091908536
0.00020283969253535937
0.00017738255076226752
0.00018522621999708764
0.00016929011321603193
0.0001382653675899841
0.00013050338756589184
0.00018522932942881005
0.00023633800226726081
0.00020327196749677701
0.00021675263223648687
0.00011459680505592558
0.00021252572225686312
0.00018353173392761206
0.00014062098657115967
0.0002509125403008087
0.00016523505801225517
0.00019691462356241402
0.00023172706510798702
0.00016455385829859892
0.00019585091434507493
0.00014382764106405602
0.0002803996511823131
0.00020932043519829915
0.00017245960233731647
0.0001394745145414061
0.0001613490339337634
0.0001531711122572597
0.00012660314992968784
0.00012129529317346036
0.0002661177424589647
0.0002099003329242737
0.00014199699576999654
0.00015909759795665584
0.00018499876759759662
0.00016130917495782676
0.00016118963684130262
0.00014357992170588015
0.00013596226851404682
0.00018410204866791758
0.00019354428164775387
0.0002019699557907485
0.00025932321427848525
0.00028091020147543496
0.0002553715392392892
0.00022113666892890297
0.00013603174426553549
0.00020084053808426192
0.00013956484243091627
0.0002639303501209044
0.00020668758093526744
0.0001293628428421813
0.00019354428164775387
0.00021941949695032052
0.00019271064726087079
0.00012972834371300116
0.00020736258364326994
0.00016169239020787085
0.000275302172174593
0.00012232178850683393
0.0001722904195294616
0.00025755356796430004
0.0001965971658049689
0.00018201553927354964
0.0002215618721850528
0.00020822376606081114
0.00023052109645225376
0.00014910715264359557
0.00015718102162713216
0.0002528842662052177
0.00012324555290988814
0.00020639522588886952
0.00012972834371300138
0.00016199435179612863
0.00013767341653952254
0.00023182996903647023
0.00020020211873193056
0.0002002910696533174
0.00015626192746434576
0.00023420919951456154
0.0001671661775751532
0.00019282109689147155
0.00022005030813924097
0.00015448250679314613
0.00022452630135372676
0.00020074423287786856
0.00027572927243202545
0.00021027819637218104
0.00024694171236714106
0.00021350657393411033
0.0001893328466351311
0.0002383880575522108
0.0001833057149227609
0.00018438054663307522
0.0002746241308579727
0.00019366950715677734
0.00023678578153813964
0.00017357033683888768
0.00013484966615823788
0.00020737796376241158
0.00018140531764203593
0.00017173850029329415
0.00015223234055658448
0.00019088743320370378
0.00018856129476407622
0.00021611648792764306
0.00022137642863511993
0.00022058339518302308
0.00016166002995370197
0.00012660314992968787
0.00016268324421697986
0.00017187383300524905
0.00019461874341807333
0.00010671811562979524
0.00014608318207187557
0.00013896728308697773
0.0001605430866963515
0.00015710326383663572
0.0001528839749234505
0.0002068557043950459
0.0002518152330396278
0.00013152816888838863
0.00019981902604315933
0.00023713480391578448
0.00011484767617530385
0.00011415502668690129
0.00014140014891167397
0.00019844422944072172
0.00011593856380219536
0.00016649908412286326
0.00025581698756491945
0.000166744138189102
0.0001876251515031558
0.0001597734206969047
0.00017682407704403783
0.0002071180155790019
0.00020203424902562285
0.00015574701825961986
0.00012655653399296505
0.0002453806819956556
0.00021332686498617905
0.00017132326931007546
0.00016299820105384276
0.0002795987399653293
0.0002535445475946832
0.00017423789905504595
0.00020162174163678413
0.0001535556478748357
0.00022544007162686648
0.00024223684464456127
0.00021670488043124035
0.00016780862600584935
0.00019521398685489345
0.00016390237973795316
0.00020985014624199478
0.00011593856380219536
0.00016396374284025279
0.0002746241308579729
0.00015468358156974968
0.0001629869039333023
0.0002170169222256151
0.00012417574006202145
0.00011314838078754037
0.000245197170647727
0.00019685811446828655
0.00017007304524497288
0.00013881810643378775
0.00016894843901525507
0.00014590414675967148
0.00021334562212184816
0.000215701627807628
0.0001279868984581293
0.00024093970041573097
0.0001993207638845084
0.00020280089159565098
0.00013675280313023936
0.0002472156490348678
0.00014079711721047897
0.00011006644830800836
0.0001809429513543511
0.00016938228783716907
0.00013675280313023893
0.00014382875776584023
0.0001718840747828589
0.00011484767617530353
0.0001929942194994871
0.00011735576258008521
0.0001141550266869015
0.000213324045843835
0.0002776614520015477
0.00028934087416121804
0.00014294242542434437
0.00016268324421697984
0.00015384743764552752
0.00015639250470153988
0.0001853454490171994
0.00016424964841128521
0.0001394763131989114
0.00024045775978400862
0.000173252991719702
0.00021531184409451492
0.0002610400499660107
0.00019685811446828647
0.0001441067987203195
0.00028934087416121793
0.0001441067987203195
0.00015384743764552752
0.000295042782621811
0.00020247258453171145
0.00017977333824866325
0.00025013353932658137
0.0002579710825804245
0.00017325299171970217
0.00019222017624164194
0.0002630451436819468
0.00014508561474166042
0.0002652118935230715
0.00027636266851435997
0.0002248085504150492
0.0002346791120037317
0.00022677445715546383
0.00022487401017588966
0.00016345574161703196
0.00028738087026021323
0.000277233634890324
0.000195046064522389
0.0001502623244349112
0.00014670113136694868
0.000277850163324463
0.00012542666278574335
0.0001751374278157184
0.00016619868407457105
0.00020359436912969575
0.00021632120079257113
0.00012542666278574335
0.00019521676314390162
0.000194201595735248
0.00015439083731665472
0.00020669916110834392
0.00020337035703541477
0.000165178050892572
0.00014294242542434426
0.0001921764457028851
0.0002469382142989044
0.00020696985884642387
0.00026253371468382895
0.00021601727028274246
0.0001962205727859395
0.0002783152812718234
0.00016922906479062676
0.00020666780599580618
0.00015829080290303285
0.00018003873742470869
0.0001991261775086014
0.0001582544528539961
0.0002659664354503154
0.0001837723889842667
0.00019552908552422822
0.00017481062758086593
0.0001501792234554376
0.00014986851482034645
0.00027795837820400254
0.0002261212742706068
0.00021701692222561488
0.0002291548635373268
0.00017026960556398878
0.00017011781968301592
0.0001693973525477004
0.0002147514864612633
0.0002013566955242174
0.00024046292751664844
0.00018081557659734666
0.0001784594894911225
0.00020431633388495144
0.00020469080721372852
0.00026871620800189436
0.0001766164705283102
0.0001772205147221475
0.0002926462259919878
0.00026437363932132335
0.00015189934483955344
0.00022728195633851117
0.00018771401637605097
0.00014116604931566459
0.00018152503669691166
0.0001282517908719452
0.00017222520369495915
0.00015586317075049524
0.00028630772654875646
0.0002651842690971052
0.00028229799798886487
0.00024223688812741195
0.00023020445837145399
0.00016939735254770056
0.00012810123200424187
0.00014217086520977744
0.0001313383050049675
0.00013881810643378775
0.0001558644965604936
0.00016392366263048895
0.00022541721882754625
0.00018201553927354883
0.00018521818188698162
0.0002007642730612355
0.00023961391895528997
0.00013767341653952167
0.0001703373391693146
0.00022452630135372633
0.00016820570512278898
0.00020040482164447246
0.00013152816888838896
0.00020736258364327
0.00017583433978342832
0.00014359365506813712
0.00012064726118966233
0.0001758343397834281
0.0001493249162174675
0.00022762065849816875
0.0002659373075724475
0.000144848652142455
0.0002085560630838909
0.00021613310792758644
0.00018198366735932962
0.00019891995361518864
0.00014692122144257386
0.0002224786677735575
0.000287887277764084
0.00022055541295392788
0.00016429821071699724
0.00017694628272338754
0.0001338952203470095
0.0001554562082476149
0.0002810763330030764
0.00021119520778923955
0.00014229603375207707
0.00023653817387649968
0.00025603881867040197
0.00016678764878096802
0.00024530520865486197
0.00015779825820593212
0.00019262272760304198
0.0001383898803251865
0.00016797294557225587
0.000196507596224341
0.00015359157095536482
0.00022520333480169818
0.00020861005794010293
0.0002482884617175333
0.0001475258473945867
0.000183305714922761
0.0001623870637588857
0.0001746341233620631
0.00014279782082201654
0.00023835819567037415
0.00017506649999051945
0.00019420475236095578
0.00016569663824945145
0.0002383581956703737
0.00013563295849895697
0.00023612823948894403
0.00024902521567357594
0.00023532010991805623
0.0002120669995503404
0.0001332285475852392
0.00020730897917879947
0.00026467181062009553
0.000140704762956881
0.00017726680388218796
0.0001998807532058661
0.00013471394386113688
0.00016542831498976736
0.0002061412288085684
0.0002296168605486692
0.00017643762226014835
0.00022485073774784065
0.00022248191319172608
0.00020843475435243833
0.00015355242956235178
0.00025574675566391756
0.00024747006555715266
0.00026806176827183417
0.00022843282014009796
0.00021986301437872677
0.0002764559607828874
0.0001817866244572541
0.00019251657998599673
0.000187193216780971
0.00018639174042286326
0.00017504037977647882
0.00013880962105772396
0.0001683134716390438
0.00022438274102754376
0.000281066400054604
0.000156306022192175
0.00016932107412197554
0.00013791022836683758
0.0001475886336185674
0.00029274017395602525
0.00028582199077915047
0.0002972523569315402
0.00018234372042440173
0.00028660881062299477
0.000167122079469809
0.000140704762956881
0.00014062098657115956
0.0002037782926041223
0.0001573471758665652
0.00014401927424375954
0.0001534107878163796
0.0001723609804309763
0.0001441722993390398
0.00019281409458710543
0.0001604973094372225
0.0002553019861660064
0.00023801404467974725
0.0001739197563210863
0.00029253991078507895
0.0001598306566902326
0.00019901299185196009
0.0002964736037167437
0.0002101482029286221
0.0002613938602629966
0.00018823553458462676
0.0002359974152586334
0.00014336522931893134
0.0002151406703483749
0.0002579640821960046
0.00025574751623482297
0.00015651101862021834
0.00019213220006272054
0.00016401327651919677
0.00016091976578689514
0.00019760584778201668
0.00014359964333257602
0.00022755863541676488
0.00020123442061528176
0.00015829080290303296
0.00015842248458316794
0.0001949848520077732
0.0001189858308325866
0.00012373557618452732
0.00018037509296745137
0.0002546938479686886
0.00015836233738195397
0.00019659716580496932
0.00013502327578020722
0.00015582022789891164
0.00020416927469557545
0.00019469605940321396
0.0002452885298305245
0.00013435736908112638
0.00016394547670266777
0.00023182996903646936
0.00023091143066573667
0.00016668910397641193
0.00023053378053855718
0.00018821386704513231
0.0001501223463977728
0.00012517170763603
0.00018985509086137577
0.00024734709174893676
0.00021553966100661386
0.00020104823605525407
0.0001343388574870947
0.00025788217398821107
0.00013425160007848988
0.0001666377636313646
0.00014079711721047875
0.0001396771098025884
0.00018965669729584158
0.0002546115813744452
0.00021921925537522562
0.0002033129071466837
0.0002058844626800717
0.00017034928828555968
0.00018965669729584115
0.00012779990820514613
0.00018015129285821937
0.00024838117697443055
0.00023819160480562877
0.0002350975917341739
0.00020588446268007213
0.00013430112821225058
0.00018062318696953012
0.00021799888032790309
0.00020738478754022587
0.00015741096356150942
0.0002281693631795219
0.00022982317961488968
0.00015459733909446672
0.00020378508101978046
0.0002727097196001519
0.00015940933290358242
0.00018264779161838345
0.0002741551348996083
0.0001421688668096734
0.0001817765161697565
0.0002744691493853772
0.00019557379324905855
0.00016867293808205553
0.00015484179520718717
0.0002831763374740628
0.000229263888264576
0.00019557379324905812
0.00024006795798573073
0.0001526031230004313
0.00015037925005680422
0.00022832062413378
0.0001819893889777281
0.0001637753705788247
0.00013816272300721296
0.00019286688231628067
0.0002268421938825876
0.00017997848241578648
0.00020112941837812184
0.00027185847206904644
0.00016972123536770933
0.0001817866244572539
0.00026087144678806117
0.00023251511122683415
0.0001276777823924351
0.0002403595787523659
0.00017920074658422076
0.00021947840167559247
0.0002243799903094779
0.00026758919993249367
0.0001232455529098877
0.00014229603375207729
0.000193445189314451
0.00014291253513889742
0.00018995047605200775
0.00022520205203305005
0.00019594455875958545
0.00017034928828555968
0.00027616997681790406
0.00025069740130799663
0.00014867581753067252
0.00024154293673878482
0.00018017947835343275
0.00023638220418727412
0.00027130935725718387
0.00016423432450951483
0.00018554245402793278
0.00014935082248740536
0.00023487566843939005
0.0002466705473312112
0.0001729537821417562
0.00019241712116883024
0.00020931470381161266
0.0002402605500834978
0.00017401150832290163
0.00015042447380153373
0.00014587704249363316
0.0002158887922240197
0.00020535852214103364
0.00020617283506980683
0.00019795113020647974
0.00025464991308038996
0.00023093888956717028
0.00018032697660967634
0.00021852842258956708
0.00014561516413437578
0.00016233820051615678
0.00017842112351582084
0.0001880823532383366
0.0002626501127027661
0.0001641657122179816
0.00020426250967375327
0.00013830110833185555
0.00013462587006488785
0.00023459097056072024
0.00017537801865749033
0.00015440077081569105
0.00025218386876530417
0.0001824687310867032
0.00016644042570261282
0.0001376222357082897
0.00024996375211397176
0.00018837772463406693
0.00017053041556492634
0.0002037690247940955
0.0002386521980577139
0.000184900729101092
0.00024469393239978047
0.00019649090784537907
0.00018788968030274708
0.0002978951804744265
0.00025634600654892586
0.0002942299726127343
0.00014409118892264885
0.0001678245702000571
0.00019896458042145725
0.0002391167852228268
0.00022348487277447393
0.0002598382905456963
0.00021711491811247788
0.00018964424705683104
0.00018417809096669193
0.00029319461162608716
0.00017387587246448194
0.00022709918734927512
0.0002779701770760432
0.0001570675905993718
0.00022082271686277386
0.00019411345125463413
0.0001481788084866279
0.00018050231694565234
0.0002460908366612622
0.0002676711430410687
0.0002228659152032947
0.00014871600849501883
0.00024340108885755052
0.00022376528803596933
0.00015702105181071644
0.00020386771653907324
0.0001588020056864397
0.00020613902478270186
0.00015869026070131626
0.0001969109942877139
0.0002560517121645115
0.00016271086373919577
0.00017614472760926
0.0001793365082463996
0.00015571672260506733
0.0001534917964164486
0.00025206236250712474
0.00018858527631182334
0.00023079896500615696
0.00016525545088390752
0.00025443663860018285
0.00016218325687095513
0.0002436068880217236
0.00028770211655968414
0.0001394091379054881
0.00021200216474421998
0.00024680533125014874
0.0002685315982364463
0.00021387148660309248
0.00015454207236810798
0.00015901879904087158
0.000266752117822671
0.00020868486627138492
0.00018556465520558427
0.00020243385941961915
0.000160212201445648
0.00025671918422018325
0.0001271868922605836
0.00016695010580880325
0.000140662069124452
0.00020831565262700424
0.00019119898949254786
0.00026860752195989645
0.0001448422658828401
0.00020788532404261793
0.00022109959696153597
0.00017555317260269988
0.000160212201445648
0.00013670351133395083
0.00020124333371406792
0.00012127454176896172
0.0001705616148349018
0.00019357685329871092
0.00013811352126106538
0.00021262197379883028
0.00015663884166116217
0.00026860752195989645
0.000178827238026208
0.00023957115864801882
0.00017498052738849028
0.00028770211655968414
0.00017853856730463415
0.000136212062522853
0.00013097669559657176
0.00023455507231766282
0.00026348241128537587
0.00025571591572364367
0.0001432742603995847
0.0001328257919734631
0.0002649953061512474
0.0002656702724829782
0.00017401758487420825
0.0002561588575524127
0.00014921071279214656
0.00019821709115051573
0.00022669973026577528
0.00013721193521666825
0.00020390420518349243
0.0002402033254481723
0.0002746424789049482
0.0001774197159042469
0.00012341458456315414
0.00018225864812623945
0.00018336793832974017
0.00021813724290647047
0.00015449171203006694
0.00014309223665455535
0.0001234145845631543
0.0001704198304244516
0.0001661986840745714
0.00020705644250626525
0.0002874974721023354
0.000231263669416495
0.00015858434628255306
0.00012883988509932576
0.00012883988509932568
0.00016525330617554753
0.0002907338395160094
0.0001937858915234225
0.00013043546913132312
0.0001351902038566355
0.00013674643467899498
0.00013043546913132315
0.0001372607108747821
0.0001654524136251032
0.00023917885586647618
0.00013726071087478205
0.0002134267862721937
0.0002078736447537503
0.00022382134031231904
0.00014642306513117597
0.00019286795775881388
0.00021923693654729744
0.0001566013858742281
0.00013393155978261078
0.0002269072046839661
0.00018699863772888735
0.00024610995355301476
0.00015891687333335902
0.00024432057989479247
0.00021923693654729792
0.00012173929394832493
0.0002485024992584271
0.00021363828597162262
0.0002591118625969132
0.00015329178467476273
0.00016523205289508194
0.00018985953737078688
0.0001846186565930415
0.00024261779901580197
0.0001991182483989818
0.00013461621764967492
0.00012328180998474143
0.0001907494808058791
0.0002461366406474235
0.00029377396988941856
0.0001736859489416217
0.00021369928019573763
0.00016818458509417844
0.00018950900218875854
0.00019762155839049816
0.00019339968971484613
0.00028680111560468137
0.0001638180241664306
0.00021181743523925392
0.0002252020520330496
0.00020785497713291055
0.0002507020393140223
0.00019842086999411184
0.00017110931286266288
0.00018412437403252926
0.00012826253380612157
0.000184737966231053
0.00013786909330753346
0.00013008858187034834
0.00020039525787282674
0.00018225610766455376
0.0002446055194005516
0.00012826253380612135
0.00017583154861677483
0.0002937739698894181
0.0002008461856709519
0.00020884921843909103
0.00023951436459089016
0.00017652318970854232
0.00018143059093867712
0.00018563771162591076
0.00020484778496924214
0.0002518317385294081
0.0001417033903687295
0.00021280479870758318
0.00016842610998568284
0.00014503766606471097
0.00010794815861109503
0.0001693758763690411
0.00022374194947943335
0.00023494722619344993
0.00016947485594467085
0.0001841063245202031
0.00015094263912681185
0.0002203273905094468
0.00024260223022630522
0.00022329523357458208
0.0001391765702943016
0.00015846289370108178
0.00023710235136507798
0.00022115250975458193
0.00017268286028332977
0.00026729350307558194
0.0002566318999513591
0.00015966042925007608
0.00017467145691384015
0.00018607361739054898
0.00017273825948199055
0.00019638521805745478
0.00023899988974673283
0.00023770267463307034
0.00019139884629458493
0.00021116747044688843
0.0001184594007665029
0.00018536393885911016
0.00021189837486370938
0.00014889277661033428
0.00016697179738725163
0.00028847907663926613
0.0001317484050819709
0.0001782394036202073
0.0001628098178553289
0.00016101436519758887
0.0002709441858615995
0.00024810248818756485
0.0001530406262802318
0.00018249883647953593
0.0001665588579638339
0.00016574964382788665
0.00017470240621810483
0.0001877080895323134
0.00015642948753571235
0.00019748832428273074
0.000134749638509935
0.0002925469556027049
0.00021750717803125492
0.0002972258802929613
0.00016735138249799556
0.0001724362917153502
0.0001221954836422691
0.00022197267342924853
0.00019363614231470414
0.00029047584754748575
0.00016888086657797344
0.000161614045565217
0.00020474866267101662
0.00021428056555307905
0.00028379474044681993
0.0002687843017639467
0.00015065108944311537
0.00020620299648861575
0.0001602686662054377
0.0002436068880217238
0.00015125819268587868
0.0002547066755887749
0.0002773083669589695
0.00012219548364226878
0.00023463541824568913
0.00015196179883366902
0.00028228370172448097
0.00023000410505776762
0.00016132245305904415
0.00026984014333928253
0.00019268103159438552
0.0001748355790600032
0.00014084081716648415
0.0001460324288168059
0.00014220359875038264
0.00015246808163405358
0.0001688808665779731
0.00025459024578599514
0.00023828807795775556
0.00020897205585481294
0.00018120688720549613
0.00021328424828018436
0.00014371048050664762
0.00023177149183271578
0.00016371524104349933
0.00023951049402230013
0.00018542105273200232
0.00019994252967121107
0.00017254943206402784
0.00018323265985570845
0.00019932076388450883
0.00025487276691840786
0.00017505063542752207
0.0001525241829716615
0.00021192917009583422
0.0002368046565290737
0.00014852297924931195
0.00017196025240739238
0.00025868346963539384
0.0002795368692068359
0.00025716121206577477
0.00026652307340594653
0.00024680746751648205
0.00015511398654993372
0.00016912275015192762
0.00017192722510843157
0.00017226169623459336
0.00024737257405541436
0.000281541054754968
0.0002328300017282411
0.0001740388341782491
0.00014623149964108993
0.00019916690513324437
0.00022840851814641936
0.00016860068799947042
0.00015010565730070192
0.00016731513377059326
0.0002231582714452029
0.00023773922932446767
0.0001711044443021112
0.00015773349968063244
0.00014484226588284033
0.00025261134432844187
0.0001722993744566856
0.00022160940214413375
0.00020145727862929167
0.0001411047129080069
0.00021194676254471462
0.00024139250950329892
0.00014727604987951242
0.0001619538396934214
0.00023427903793181437
0.00022218364479301297
0.00017030205625223442
0.0002129269368845656
0.00020523108510788423
0.0002662404496421787
0.00013714032327657088
0.00021182569030045884
0.00011052872871150643
0.0002485904279689895
0.00020523108510788412
0.00024396663216580622
0.00022207758014655232
0.00018729783858921966
0.00020831565262700394
0.00016451413122514852
0.00018206985116770835
0.00020393926317768476
0.0002098916512100733
0.0001692595645625657
0.00020304865556437638
0.00015256217690035176
0.00016761870217278521
0.00014879424346999422
0.00016855484099990482
0.00015814724466335541
0.00028073721066261114
0.0001822679752784312
0.00020591168275901385
0.00016696105646456022
0.0002565832743744406
0.00023124630991443185
0.00020258972264373671
0.00015344488285418882
0.00026201760120040914
0.000122383245196497
0.00018730016897924694
0.00021065395882380843
0.00023921764047468274
0.0001650328329590202
0.00021258204712009754
0.0002587258322986762
0.00017956701150613702
0.00021065395882380843
0.0002221932705445571
0.0002244690238931901
0.00023489280651386936
0.00022524920172156508
0.0002582999008679679
0.00021102486017862297
0.0001357879819064594
0.00019911070916370493
0.0002476441287119968
0.00017618485682171104
0.00020270781661631656
0.00016748723865619031
0.0002953134561661658
0.0002051968617861966
0.0002294222889498653
0.00018293100540580547
0.00018577339311837094
0.00022658562899964627
0.00018548980311187458
0.00013865975674112567
0.00017882888466438712
0.00011990222422686718
0.0002154814500336269
0.0002249267975432609
0.00013865975674112524
0.0002576632706319257
0.0001456615268628685
0.0001199022242268674
0.00014142347183944155
0.00016596289988173984
0.00016522824987008893
0.00024319514765732287
0.00022819762797320932
0.00014166800333126133
0.00025020952151629666
0.00027197706699598305
0.0001544849054091425
0.00015770007771577542
0.00013514879912388065
0.00014538814271206676
0.00019226662264380345
0.000122349541031181
0.00015538290576972558
0.00021025206821549984
0.00020057268083159465
0.0001654338796049956
0.00013912636900156525
0.0001676795111479888
0.00015448490540914244
0.000188651500481874
0.00021375427428228116
0.00022176387263144647
0.00013578798190645985
0.00015264180380686516
0.0001881289274642155
0.0001670789827909913
0.00015003371953017285
0.00016707898279099114
0.00017057563972434518
0.00019040327909626564
0.00022512131345948146
0.00016356809768199726
0.00014275833791736617
0.00023413688599135648
0.00017081590672084364
0.00018464797458488634
0.00023337738705625152
0.00023604906525881604
0.00011542339158539337
0.00018143059093867668
0.00020180626325626456
0.00021926542463613459
0.00017488027114216393
0.00017583154861677483
0.00020601796147050235
0.00017127167231045445
0.0002450629498260558
0.00016536574493211274
0.00013775601089534946
0.0002932290195902646
0.00014583489535231558
0.0001555010078999517
0.00017410428060718464
0.00023415564960718315
0.00021125668941594268
0.00017165451775872937
0.00022187117850777345
0.00017501464477112736
0.0001818725972731125
0.00022190423730015065
0.0001727794473067986
0.0001172938781388471
0.00022694701493602542
0.0001995834183933995
0.0001467057716342333
0.00010794815861109525
0.00014675143980535715
0.00018110277519446612
0.0001633829994859171
0.00017770532562647783
0.000195625018950046
0.00024183471531256592
0.00022212215240737247
0.00016101436519758844
0.00023167083424592474
0.00014702950946388982
0.00014670577163423308
0.00010168295552148016
0.0001470295094638896
0.00025019218806700445
0.00012576294790290002
0.00016450278625115443
0.00019861985814839206
0.00019426634775476716
0.00018987100267654625
0.0001713666782527407
0.0002549932376033168
0.000285037379607203
0.000236755373057468
0.0002874153622185045
0.00015041195429591403
0.00016336097881371192
0.00016482482782985604
0.00019854819883586324
0.00016482482782985614
0.00019476106954051506
0.0002021032876443952
0.0001832326598557085
0.00017677648695508955
0.00014571912650790907
0.0002640777358566429
0.00021352839230170386
0.00023565137020531684
0.0001886567070669646
0.00021095816164377608
0.0002891697301515518
0.00019701535855727636
0.00023445782084260437
0.00013846340042272635
0.0001436609959852953
0.00019498692178747997
0.0001296400981694875
0.00017139276149994868
0.00022782822484121988
0.00015051378835283648
0.00016173352454173498
0.0001622172845837178
0.00014005086380317988
0.0001463164511205145
0.00021490809963396664
0.0001225023803999182
0.00011449133790071868
0.00015646404105264721
0.00012250238039991797
0.00015347335152291093
0.00024991605147091486
0.00012439726475982587
0.0002338132915438544
0.00015992410402630546
0.0001486039514177395
0.0001947958430284732
0.0001844124640764198
0.0001368843917694579
0.00025396071682897824
0.00016734625640984417
0.00022425004173790616
0.00027211481918210014
0.00018782164637582777
0.00015034476045823779
0.00016419767407502717
0.0001890624107701534
0.0002797905447671197
0.0001344030262854358
0.00015459075024700105
0.00019562273082222772
0.00015032756612668938
0.0001606585195221944
0.00015689986122266355
0.0001470142997944614
0.00015030674704475267
0.00014200018470705627
0.00018761537736873123
0.00016185590088918555
0.00013502148445212222
0.00022621227927010416
0.00015451944982733726
0.00025773620487598505
0.0001481519217739404
0.00016470857777189235
0.00016489378387670242
0.00015418826743118742
0.00022135138380180447
0.00021908640477743462
0.00011052872871150665
0.00015592739317111257
0.00023233068621440213
0.0002482159440820261
0.0002816363491255061
0.00020757241978378504
0.00018981665637177463
0.0001203660494802025
0.0001624592519952979
0.00015051944592609943
0.00017525507759294707
0.00024912026725939433
0.00026069463649717377
0.00015294669634061272
0.0001561504588149565
0.00021216512475976008
0.00015311017808300204
0.0001938116122511609
0.00029031164420295977
0.0001960676359003974
0.00019831085779603835
0.0002491738131814744
0.00020586905287349163
0.0002637685537506436
0.00013972265598186442
0.000256715563668248
0.00017127736401320245
0.00019884244556439275
0.00020490803897341495
0.0001934177595967635
0.0001768114536306077
0.00014905414430637276
0.00017148189134783129
0.00015164377520176554
0.00012991321317528575
0.0002303938082889598
0.0002787163480321665
0.00029637781589837773
0.00023788643155715642
0.000264240637035746
0.0001926320153257913
0.00015648333541961636
0.0001223495410311807
0.0001976355213345075
0.00010448954282412377
0.00016564004288502007
0.00023383479755509275
0.00020515346221601678
0.00010306999620530305
0.000164038260281287
0.00011542339158539337
0.00026748415616268187
0.0002653379741472872
0.0001897766840517096
0.0002687021499825073
0.00020590724107768664
0.0002776605654314019
0.00020558285386432836
0.00022916597572740765
0.00014350702405120826
0.00011909546516777631
0.00015612961837437262
0.00016573242591049527
0.00013809048982348418
0.0002868358607352869
0.00020446261732083137
0.0002100776812427427
0.00019203837425085194
0.0002378579361777106
0.00016694476914689681
0.0001641872038899866
0.00015143339740579997
0.00021249826120914848
0.00017458122985242663
0.0002266557704077828
0.00024070039809248698
0.00016454295779119027
0.00022265392131919033
0.00021860873434741032
0.0001304152250894688
0.00012298881207009583
0.0002310007088970142
0.00018666132956316018
0.00018421060153547432
0.00014203127524972518
0.0002549224344193932
0.00012885763805328012
0.00015178321085415768
0.00016371524104349933
0.0002449763040735673
0.00020399220997375394
0.00019666790146386079
0.0001724783065719931
0.0001502346576170551
0.00021829312464047306
0.00020954566667637486
0.000180823877188717
0.00015617483959329444
0.00018183097263231563
0.0002372248635363445
0.00018317736256481153
0.00029390169582170305
0.00014895537088549927
0.00020508700396786636
0.00023162532219171364
0.00021123401687542134
0.0002567629717839029
0.00024119467648519351
0.00014102579355062834
0.00011449133790071911
0.00017649452556676515
0.000143032508874698
0.00023402878368848417
0.00018107663678794145
0.0002257459655575827
0.0001478525295777666
0.00019139787274092537
0.00022727728869633042
0.00015013963387883785
0.00015902621968151434
0.00015899686882127426
0.0001590262196815139
0.0001675642344375109
0.00019834514423142015
0.00013696547915528897
0.00018992240929609542
0.0002310524504202439
0.00022862082677136243
0.00019990762875231674
0.00016879038537752052
0.00015451944982733737
0.0001852082523483619
0.00028430440992939694
0.0001739515980673156
0.00014635836243632853
0.00022661671044262583
0.0001335619354012373
0.0001203660494802025
0.00018925736060626877
0.00016445724946534618
0.00018093545775846917
0.00015051944592609943
0.00017682638069872574
0.00026082513275265946
0.00020757736604101057
0.00026383490333918547
0.0001702601529477701
0.00019349463509606645
0.0001531101780830016
0.00021631390113561037
0.00019911070916370493
0.00025236869649199883
0.00021120626279439413
0.0002679361915145389
0.00022716740752658096
0.0001406628781173494
0.00023680117105874966
0.0001927993101210031
0.00021160837496364982
0.0001455201327046976
1.4961192483920263e-05
0.00029188936121686895
0.0002099080621999639
0.00024209808777255013
0.00013147852377874605
0.00012991145916561278
0.00020515846672471702
0.00022177225342128208
0.0001601384093403123
0.0002554773547587619
0.00022216189989078105
0.0002571921587662092
0.0002644664963562778
0.000239677029328496
0.0001601384093403123
0.0002386351847946239
0.0001867352913777565
0.00015013132264001753
0.0002419003640944349
0.00021361449375285717
0.0002058690528734919
0.0001870386599870143
0.00017458165911209307
0.00023133553059865707
0.00024013909631276625
0.00019998758156922073
0.00023977431629254825
0.0001670540288318998
0.0002148870753549241
0.0002135477511566444
0.00014109153229409062
0.00016722792420962055
0.00019905064769783405
0.00018287474060000404
0.00025459956815479436
8.785013730291599e-05
0.0001010632716685997
0.00017944568454697843
0.00011194180152184624
0.00025842261830285197
0.00028510266529538624
0.0001266378568022526
0.00016917201412020965
0.00015494888805198679
0.00026990505080416467
0.00019325218854298123
0.00017082582626015566
0.00023203087987729693
0.0001714441157893258
0.00022321855455216186
0.00020826867809683406
0.00011115262170200736
0.0002821789125132578
0.000207888191485922
0.0002004367783771761
0.00023650184063152453
0.00018073027275574728
0.0002242562319964476
0.00017645957522584267
0.00026492557661925116
0.00026249934481067125
0.0001762500317942476
0.00017540983296362506
0.0002635052363687189
0.00011381355554054449
0.00020763329490748635
0.00017521201065317865
0.00021259088874294894
0.00024038858160795235
0.00012358313171389578
0.0002540938539817906
0.0002091351155332421
0.00019544390265351
0.00022378550072624882
0.0002552853109463178
0.0002671096534382516
0.00015350292113428725
0.00029572148351024344
0.00014413799358312752
0.00013660029819721411
0.00024712564012012303
0.00025726111667934056
0.000155698189320945
0.00020525798095004713
0.00018706005928218665
0.0001730636994216773
0.0001472345936661902
0.00015034476045823779
0.00016038844929730338
0.00016418187572439155
0.0002601127922945985
0.00017659676590593807
0.00014138373008889052
0.00015555133566400384
0.00017779728280706807
0.0002531027522651565
0.00019631895398634588
0.00024446313839054153
0.00016143314118015058
0.00015298462351015973
0.00017501791611998626
0.0002628318779500363
0.00017421826300430114
0.0002719750999449898
0.00019858875650467832
0.00014005652118202457
0.00018404459873459995
0.00022753856246173008
0.0001529846235101595
0.00013655141733277592
0.0002555680552074587
0.00018464184743275562
0.00019532996008568212
0.00029069448035027624
0.00021274547547066482
0.00028054095653953434
0.00020417521633946892
0.00023275128382071455
0.00016502182717476836
0.00023957115864801926
0.0002439119918391311
0.00018273722753853758
0.0002439513405531708
0.0002906842501779884
0.0001685226304078024
0.00019600306417513302
0.00020028636533813544
0.00027454793509845915
0.00020018961487267033
0.00019570224210434684
0.00020018961487267004
0.00023156039169754767
0.00020018961487266936
0.00019384787706062901
0.00016896127849865385
0.0001954014200335613
0.00020810609433214496
0.00016895258173498743
0.000267478670546167
0.0002146097157670704
0.00029149650022674395
0.00024972905315801675
0.00024228403133625797
0.00018157371063901896
0.00014686009755313957
0.0002616135341837045
0.0002489404965107221
0.00020519405956650116
0.00020792006165309962
0.00020792006165309962
0.00023288171766655628
0.00027059423230347537
0.00019733063580928967
0.00016849970228078985
0.00018148484213920666
0.00022860223484240947
0.0001423142805246885
0.0001948732006919209
0.0002501327435941898
0.00019774903774474233
0.00020670309430425226
0.00018703638805857205
0.00024136927301731358
0.00014089632079184312
0.00014332084742658393
0.00013857515626556662
0.00022056735184082478
0.0001715444511062483
0.00015821636604713236
0.00022676111364107986
0.0001990579970025958
0.00020796336521239052
0.00018837085840113065
0.0001423204094719811
0.0002532632020340725
0.00023156839428218256
0.00013669582998568396
0.00028886227151623525
0.00020021031330918148
0.00013539174033827143
0.0002486525260568063
0.00027416209586861827
0.00019491453372829032
0.00024248764629253468
0.0002074436405808673
0.0002502337499175949
0.00024264831265904648
0.00023314821162079584
0.0002434242867586406
0.0002564502819112084
0.0002362454954816062
0.000198350584816188
0.0002075326604056276
0.0002075326604056276
0.00026345999608716735
0.0002108438564459228
0.0002084601751834404
0.00020521770731560598
0.0001226935835741366
0.0001883708584011312
0.0001619404485359555
0.00019422954666635235
0.00014860066571197668
0.00016520062075879105
0.0001729814713496416
0.0001997619147102107
0.0002720442080494192
0.00019586904966050487
0.00019873134022968314
0.00020593602207473645
0.00014214175827486578
0.00022119811296896722
0.00019873134022968314
0.0001943660986676427
0.00012289041475468723
0.000240022807413419
0.00018925736060626877
0.00021147556471551397
0.00016187068537437481
0.00018509139041067348
0.00014220527874917078
0.00024546011557397343
0.0002078625957511529
0.00019038364440381993
0.0001826201175913495
0.0001438018687007726
0.0002941760980846828
0.00026132569548282863
0.0002677649786883714
0.00021350467989501073
0.00019873134022968357
0.0002165176495290905
0.00022141620088692092
0.0001591430871522464
0.00019557261120984508
0.00021926106326655378
0.00017406656492808398
0.00017406656492808398
0.0002332620950962652
0.00019873134022968314
0.00021332820850566503
0.0001732882846684062
0.00013837289628686926
0.00017142852093916892
0.00014282215984439577
0.00017604776923221946
0.00024244553440470494
0.00019450162026062902
0.0001897497927451727
0.00020109022377853164
0.00015402269140811227
0.00014819011845516004
0.0002479784025748216
0.0002155509532358723
0.00018888253856262454
0.00019975718832541305
0.00018323504644942971
0.00013872252123431567
0.00018888253856262443
0.00023091773248996904
0.0001947950345161291
0.00028400542639674624
0.00016136263990167848
0.0001627293149733288
0.00025892126442066853
0.00014099299762345574
0.00013778321503987668
0.0002598360893380266
0.00014865355459082357
0.00020419511567604194
0.00020419511567604194
0.00020419511567604194
0.00022769698250026192
0.00020419511567604172
0.00019263430815888492
0.00015540686923174785
0.00020215730036362537
0.00015870923363060655
0.00021664019571062304
0.00015467053461194248
0.00023049273983691818
0.00016533559912579082
0.00025462530152724466
0.00017964593030695927
0.00025498577359082746
0.0002740403245711111
0.00019351375187444815
0.00023682102892813475
0.0001956922972558426
0.00020933768440857585
0.00027342100223902487
0.00024106766312514526
0.0002093376844085759
0.00023202721661326226
0.0002670898909546385
0.000168923956127941
0.00019613164965781978
0.00017476191683211395
0.00017796435238579596
0.0001648579748911817
0.0001520471530229142
0.00024980777383793834
0.00027962690367094607
0.0002001951900929557
0.00019569229725584258
0.00018156146844151312
0.0001935127977710995
0.0002001951900929559
0.00019384597893093414
0.00022214434684182904
0.00013319231472931127
0.00019975718832541272
0.0002607956456948189
0.0001331923147293111
0.0002497265930019209
0.00020019519009295566
0.00027861990830327994
0.00023428250107604393
0.00020519043029018522
0.00020792198475877845
0.00011983433521964851
0.0002422822595239618
0.00020792198475877845
0.00023288033830311995
0.00020019519009295547
0.0001990596005568136
0.0001977460968122262
0.0002426477898717208
0.00023278154548646616
0.0001990596005568136
0.00019424559954311742
0.00018958236456618387
0.0001484604635971553
0.00021847223598131182
0.0002502330271651578
0.0001990596005568135
0.00014532242489804516
0.00029761561281839606
0.0002720437298836901
0.0001494579382712275
0.00019834972586006358
0.0002075332052203756
0.00020753320522037648
0.00023317301294305953
0.0001990596005568136
0.00017896437415433988
0.00014701813054712797
0.00020160633289383035
0.00018658535853973888
0.00019873180477211544
0.00020593496315350168
0.00019873180477211554
0.00023314768882809955
0.00019873180477211544
0.00019436592652523127
0.00016998647691137281
0.00015112244697854598
0.00015473248869187948
0.0002503812207841497
0.00024275504825877403
0.00027214179794575726
0.0002333807335619056
0.0002229194708068382
0.00018734877616925777
0.0001985257004839577
0.00020742208120077036
0.000207422081200771
0.00023326196758082125
0.00019873180477211479
0.0002915893280477314
0.00017274502187026404
0.00016044209459369638
0.00014905021558680813
0.00020923486536314376
0.00012073275424326845
0.00019863674656095355
0.00020615187300933335
0.00014210896412778689
0.0001719369041730263
0.00019863674656095398
0.00019440124771814696
0.00014170351760715524
0.0001500725679458631
0.000196506950591768
0.00020422504735474116
0.0001285191362479165
0.00026367331738914477
0.0001956485001504164
0.0002567100967096793
0.00019408506439583684
0.00022594641319897404
0.00020432070429765277
0.0001719475754798274
0.00013569986818835506
0.00018286760931971043
0.00016332158904437048
0.00028616171198862957
0.00013126125585956696
0.00020930476314969578
0.00019863674656095441
0.0002165242539210997
0.00020446261732083126
0.00015916653197782472
0.00029388898143615583
0.0002552299544020826
0.00017400810260273622
0.00025902428669576094
0.00021349802997688058
0.0001740081026027358
0.00023328814688165864
0.00019863674656095355
0.0001670135113810891
0.00018787994039628012
0.00027094474545329714
0.00017193690417302608
0.00020872376948573496
0.00025303666927703667
0.00021165082841166334
0.00019996241737579726
0.0001691796536607438
0.00017525888974610163
0.00020710447026134728
0.00018836109233266946
0.0001312612558595675
0.0001796461719502521
0.00014879280134758683
0.00013345652318604993
0.00029183988233120843
0.00024088992061959075
0.00018407029913837135
0.00022719454109186707
0.00018073027275574766
0.0002188993599812625
0.0002943707121492999
0.00018180361181928243
0.00013334183571207933
0.0001540525032503933
0.00015235364197004725
0.0002907946724984181
0.00014545119477314922
0.0002183357359376659
0.00018740227363936912
0.00017844472944811393
0.00019847594372784342
0.00015252749730040698
0.00016651331233470418
0.00021318257691167394
0.00017757023162458165
0.00022592412147704605
0.00023125942572998375
0.0002704050820523143
0.0002652708086109362
0.00018326469439562633
0.0001540578107307542
0.00027714254310298573
0.00015470635921226638
0.000169382151218119
0.00014455915059747389
0.00012574924378113458
0.0002166219483746663
0.0001552299186775457
0.00020015590427707318
0.00014251468816641583
0.00020322044855159132
0.00017767378886506587
0.00015545318125076337
0.00010448954282412434
0.0002348170756074115
0.00024589495470843576
0.00025504589400673374
0.00020369958472094875
0.0001235474204790165
0.00021988352567793684
0.00011579784768658624
0.0002632214130108547
0.00022653919159184096
0.00016638987279872115
0.00018973281293526668
0.00018954003769513253
0.0001831954106020334
0.00017217209861196015
0.00021911811517378536
0.0001869027778056079
0.00016411165366614014
0.00021449186578884912
0.00023118531268299345
0.00017716048616888747
0.00018487992006708916
0.00022274784583163767
0.00018094417288953694
0.00016769738798004118
0.0001707048035230598
0.0002647705534610898
0.0002718051667265107
0.00016634825670428242
0.00015350292113428747
0.00014948032595383934
0.0002098414584733026
0.0002136072594841152
0.00018454513269231305
0.00020165560848949546
0.0002403128727693953
0.00018638696192309681
0.00020202599673161867
0.0002447684614016646
0.00021430433053378482
0.00017720037946600514
0.0001598549382229837
0.00015486910750582187
0.00018283377823257005
0.00019893299472521992
0.00017507759866669222
0.0001748480547841819
0.00018183046456365205
0.0002079064806154038
0.0002763641747335179
0.00019673766326367076
0.00016766973824887656
0.0001511972963566083
0.00022170847996552277
0.0001769246125492975
0.00020696413907090087
0.00013200105368477936
0.0002657664056788236
0.0001443614155854857
0.00016363188401584167
0.00016805070448844533
0.00020567082128156362
0.00019518106715727367
0.00015474045999976527
0.00014571402677120062
0.00014050606493242693
0.00017776962878643127
0.00019540761256488608
0.0001580236385282154
0.00029611239643949393
0.00029076860361484263
0.0001856657027886877
0.00014730086813947887
0.0002056708212815634
0.0001348434934028528
0.00013177047120997059
0.00014075497320672852
0.00012919864243134517
0.0002196467822811604
0.00013907001611084512
0.00014274486330219773
0.0001486405425609326
0.00019487320069192134
0.00017239403553576246
0.00015314980120820047
0.00013759718340066612
0.0001446357421216113
0.00017211250434449876
0.000203857661023018
0.00015119729635660857
0.00017820985067013083
0.00019934280823166533
0.00017209283237137025
0.0002118636433052285
0.0001358712077978296
0.0001459476013389643
0.00013639397524781074
0.00023891598819812047
0.00013848953878613538
0.00017079903696281032
0.00013587120779783008
0.00018403788021442518
0.0002500449222484879
0.0001607519089260426
0.0002162198444592545
0.00021601177768948193
0.00016384234173425188
0.00017273063017827323
0.00020796697582706165
0.00023516734506493463
0.00021035132408111633
0.00018145315915360407
0.00022815720192847117
0.0002647086061029432
0.00013622493710916642
0.00018032116258279748
0.0002021170596683724
0.00021875465530086098
0.00017285564579367241
0.00017473731749333718
0.00014342859388679382
0.00014289207208036418
0.00020797186002380536
0.0001782365827694783
0.00018382032291764912
0.00016095285356910365
0.00021415743553841195
0.00025002465303498845
0.00015726557419071854
0.00016198672009139111
0.0002879199493446067
0.00013604017892585572
0.000217661226352664
0.0001485391374498893
0.00019408506439583684
0.00016119782405991977
0.00015030702489562261
0.00014856550146274982
0.0001789159586276306
0.00022793465487096687
0.0002749692800183772
0.0002270418099714611
0.0001364624283780307
0.0002237000152141178
0.0002192844992288503
0.0002120471795086763
0.00020257448800271334
0.00015108710309708645
0.00026488308534301135
0.00012006603468612073
0.0001817516440092515
0.00016032572057041086
0.00014398184090834068
0.00013604017892585583
0.00018302083647829277
0.00016503576624857052
0.0001817516440092517
0.00014752474851027796
0.00020160633289383037
0.00014437091818027823
0.0001510753942625076
0.00018125231031860286
0.00016455445159296248
0.00018159616359490175
0.00014917761428304382
0.00019012618935512619
0.0001341351363222603
0.0002196992299234112
0.00017534031530476964
0.00016055254015197025
0.0002644491270898468
0.00026385312181449174
0.00013327565090730503
0.0002371449230740071
0.00025175807952494315
0.00012574924378113458
0.0001292009666358354
0.00015387815828878603
0.00014917761428304458
0.00020754241501950125
0.0002311709692004103
0.00014229954198385908
0.00017274502187026382
0.000150961564669468
0.00020690949462442076
0.0001686905947519574
0.0001517117266008174
0.0002006509349818345
0.00017931584572265617
0.00021801396149483988
0.00019901979481928606
0.00012977734274059
0.00013511044047108682
0.0002107151836972929
0.0001799435428681065
0.00015280796123923667
0.0001270806156534873
0.0001731910969586339
0.00024059304927119985
0.00018594458438400512
0.0001293855906793007
0.00020006335359465995
0.0001763781183204251
0.00014217210380763814
0.00014012098960584354
0.00014311113630688095
0.0001579886349803044
0.00017064302009569318
0.00013937773880628133
0.00013982432524399643
0.0001556981893209449
0.00017247830657199362
0.00016709792163681738
0.00017070480352306008
0.0001747228479266533
0.00015492340141316075
0.00017341729469952418
0.00019012618935512602
0.00013424343760731904
0.00023686016189326516
0.00011200882122734298
0.0002238819477975309
0.00016766973824887637
0.00019874438917711772
0.00022297913171466554
0.00017062970415688948
0.00019965203336113593
0.00021028913411568883
0.00016600368059332623
0.00021052840748909604
0.00020058940762147492
0.0002530741790881288
0.00018293966804784883
0.00025597690916116323
0.0001738438201926548
0.00016560655312022356
0.00017001344492487732
0.0002677733031280941
0.0002177616863296923
0.0001414530967196793
0.00015625069307250014
0.00015343901229372925
0.00021831119981543525
0.00017967802047227628
0.00013201348888541013
0.00018852256242887113
0.0001440352237569762
0.00017450724104938105
0.000112008821227343
0.00027698285154075105
0.0002882674281048099
0.00014209026967142776
0.00019295788058625957
0.00019434883377911552
0.00014160964313464464
0.0001400734716185425
0.00014375467402629998
0.00016369090393751298
0.00019898539383681564
0.00017361384841752857
0.0002506377360147938
0.00017243192742685842
0.0001416096431346447
0.00015802631737074077
0.00023376813912726437
0.00014221537050738804
0.00015516097856998578
0.00019496635164645152
0.00020090865094327148
0.00013993904705017555
0.0001549023530971644
0.00020018309905545616
0.00013665036841797515
0.00015113130977692664
0.00017623928522105708
0.00024076070259269948
0.00015493998875832683
0.00015385624450648696
0.00016133644645876383
0.0002196992299234109
0.00017021330297116972
0.00020907459765818267
0.00017687575861651808
0.000187844628815681
0.00021880127229874412
0.0001813912033309624
0.00015888115607139665
0.00017787686099115033
0.00019235631865833371
0.00019075481700584634
0.00015499174202396722
0.00017629264644791024
0.0002057092505303393
0.00017787686099115024
0.0001910390405180118
0.0002488696765175916
0.0001755228745890738
0.00019134382200960317
0.00025178557108380235
0.0001262355306685045
0.00025748497842272326
0.00019542025144375286
0.0001907220205256984
0.00018034413129865482
0.00023833645351128033
0.00013507868925702725
0.0002421127553417405
0.00016783378824045543
0.00016287259901492333
0.00019713709540253841
0.0001659703930280617
0.00012358313171389587
0.00017443561084351392
0.0001440352237569761
0.00014209026967142786
0.00012071187619643433
0.000257807870283634
0.00019134382200960333
0.00013424343760731902
0.000151060941031215
0.00021180400521637064
0.00016032572057041086
0.000248901824724832
0.00013537109266161418
0.00012073275424326817
0.00020267757280150074
0.00023209282395877636
0.00016055254015197003
0.00019846802706206308
0.00017341729469952426
0.00022930592231698785
0.00014948814805581381
0.00017507351070341192
0.00018807653459549777
0.0001819525057014841
0.0002300448386877784
0.00015315358820845113
0.0001653762311127547
0.00020976945732873847
0.00014914290512717512
0.00013333008201965975
0.0001864582746078868
0.00012668516186959626
0.00017316245965339153
0.00015752615093014388
0.00016183811319989898
0.0002058005199948817
0.0001483791014594767
0.0001321427585383295
0.0001761327859055072
0.00021255064581428501
0.0002808525698533462
0.0001576946428157402
0.00018667236959906243
0.00014408698590087643
0.00015234361842904765
0.00014749124567035431
0.0002895116676858567
0.00018042500679741084
0.0001803664785428275
0.0001827485809454783
0.0002026119719613583
0.00015892048574182817
0.00017102516809297487
0.0001906450223590729
0.00019754793194900208
0.00015619905793718675
0.00012966321980298085
0.00021657299164796768
0.00020355297232017066
0.00016761870217278478
0.0002952570681792159
0.00016703668593477184
0.0001413795197330171
0.00015290001951909953
0.00023656194985987596
0.00021463933516869507
0.00014237968927245334
0.00012638333878823866
0.00017137671010225607
0.000196280388343688
0.00016402924031745907
0.00015836836871322866
0.00022902072472559217
0.00022983877625586168
0.00013379227623292606
0.0001681237122485317
0.00014383717993451375
0.000169494936014604
0.0001220763168395233
0.00014383717993451386
0.00014537626621001368
0.00014200018470705595
0.00014888408435092051
0.00016949493601460443
0.00023011193211299364
0.00016855484099990428
0.00023183147642782953
0.0002738068888164698
0.00011132591072665144
0.00013604772864827912
0.00015260492165850579
0.00019716259415667597
0.00017192081709367646
0.0001477688293019079
0.00019741451398995165
0.00012605014719100694
0.00012558941250069976
0.00012605014719100694
0.00027334500504869706
0.0002979052908959508
0.00023472121232194151
0.00017686086448320858
0.00023095551248533209
0.00014653942070958566
0.0001909590136365558
0.0001292894179662431
0.00016195183566484984
0.00017013110814575755
0.00028484791875034964
0.0001528074697357681
0.00016400573407471166
0.00022972516313666484
0.00022419635512031973
0.00023541284175050735
0.00026368676297640423
0.0001768824267237535
0.00022415334061361277
0.00022603536985584373
0.00020283692653923126
0.0001739890249703765
0.0001288444622471606
0.0001827861890105597
0.00016930992010494002
0.0001371938825526389
0.0001969037560658974
0.00017444795973183555
0.00026653133707147227
0.0001502820140443094
0.00019191886564929933
0.00019151875120347432
0.00020446422393419726
0.00025257194058565845
0.00018318639758014036
0.00016443453828180474
0.000209844744581083
0.00018269010903109806
0.00019726796264392778
0.0002210818200925847
0.0002707642735493387
0.00018539021450363633
0.00017918679299001438
0.00014445659828703303
0.00021225835105229802
0.00016841541247866873
0.00017252834468605696
0.00016440492736291123
0.0001641804249521519
0.00019417008749866372
0.00017747668186902411
0.000244266459334703
0.00015467071187693368
0.00029037956046752125
0.000158779955957347
0.00016857458084440372
0.0001045146836014169
0.000170075493680161
0.00016866558213377882
0.00011713359030171805
0.00015113089791907782
0.0001242667473561796
0.00018451954309729518
0.00026713073314701356
0.00022194886763044104
0.00012590030219250905
0.00022867622007684708
0.00027554645578483283
0.00018451954309729496
0.00013948171545967274
0.00013659585779164
0.00012262229199845793
0.00016863486406181773
0.00019994797527187694
0.00012969339094279133
0.000288521513754317
0.00021270488014973367
0.00015326132587892673
0.00020095299085296945
0.00014335240206401383
0.0002131484792603595
0.00022264070173632454
0.00017502755769742634
0.00014126349034475176
0.0001333795844580118
0.00013150493870602215
0.00019652909444907093
0.00016471316117382204
0.00016600963740637915
0.00012905090397326394
0.0001410431380616862
0.00018537850539513843
0.00023695000957472696
0.00020768889754533074
0.0001601166484754672
0.00016473136458021996
0.00029843669357542627
0.00020981899215412542
0.00026561926837442157
0.0001516861978282547
0.00015178036666479468
0.00022403628504479543
0.00014922764584641025
0.00018825943089318883
0.00018741789528477302
0.00017033961058184966
0.00017073139725680853
0.00013624220780448614
0.00018407863927282918
0.00018709332412104873
0.00021541514000839642
0.00020496956437724085
0.00019426961118156083
0.00021355670119210433
0.0002348027786947017
0.0001499255301861467
0.0001824969766077273
0.00022121826528819855
0.0001850351412778341
0.00023350737085713828
0.00015506448139596682
0.0001699355571889758
0.00018010205473023393
0.0001694676092728665
0.0001763354189794203
0.00025978104437021697
0.00016937049426704967
0.00016500504279556285
0.0001726047049865941
0.00016339359557488104
0.00016348116477565215
