1    3104   3735   3736   3741
2    2956   3104   3105   3534
3    2774   2782   2957   3107
4    2957   2960   3114   3942
5    3108   3112   3956
6    54   3945   3960
7    3934   4004   4048
8    4002   4021   4035
9    4018   4019   4037
10    588   625   672
11    587   626   634
12    629   633   677
13    302   348   1116
14    297   300   301
15    282   290   295
16    263   271   279
17    248   252   256
18    204   233   245
19    168   207   208
20    160   166   180
21    50   78   161
22    28   158   159
23    134   740   810
24    812   825   828
25    827   886   905
26    884   888   901
27    903   1010   1016
28    924   1013   1031
29    36   1033   1044
30    1056   1063   1064
31    1059   1086   1087
32    1054   2946   2948   3889
33    2948   3065   3067   3069
34    3069   3070   3078   3080
35    3079   3179   3183
36    5   3181   3185
37    23   3198   3202
38    1   3201   3211
39    3212   3228   3252
40    3223   3239   3255
41    3260   3282   3308
42    3279   3281   3298
43    27   3304   3325
44    3327   3339   3343
45    2   3342   3360
46    3357   3377   3393
47    3374   3376   3390
48    3395   3399   3413
49    107   3396   3398
50    3409   3423   3437
51    59   3422   3428
52    3433   3449   3479
53    3446   3448   3476
54    70   3122   3473
55    119   2811   3123
56    46   2246   2286   2287
57    1868   2085   2287   2288
58    2086   2091   2093
59    71   2070   2078   2079
60    71   2077   2100   3740
61    1644   1862   1864   1923   1947   1950
62    35   91   720   1228   1422   1431
63    1601   2159   2897   3912   3914
64    8   2042   2172   3127   3135   3139   3142
65    1941   2538   2540   2576   2599
66    47   115   1321   1347   1351
67    211   639   645   650   651   662   794
68    781   988   2654   2862   3015   3018
69    96   509   510   523   747   753   966
70    2720   2729   2734   2738   2745   2748
71    2145   2272   2399   2405   2904   3597   3601
72    3171   3337   3584   3629   3634   3641   3800
73    3579   3684   3690   3700   3702
74    2570   2595   3125   3513   3520
75    1571   1795   1819   1821   1865
76    2486   2502   2522   2799   4010   4011
77    143   217   648   735   836
78    733   814   817   826   829   856   937
79    194   311   375   461   469   475
80    894   910   972   978   981
81    326   342   344   409   411   495
82    130   522   542   553   555   557
83    1061   1083   1084   2735   2764   2944
84    2723   2766   2767   3060   3076   3093
85    16   911   1074   1095   1109   1110
86    3207   3226   3236   3591   3592   3608
87    105   3318   3319   3336   3349   3625
88    3631   3761   3779   3849   3851
89    25   3048   3266   3285   3288
90    3458   3565   3663   3823   3838   3841   3844
91    120   2974   3487   3488   3490
92    2294   2800   2802   2804   2812   2814
93    2566   3456   3461   3689   3705   3713   3714
94    1927   2068   2096   2249   2296
95    2793   2796   3116   3936   3941
96    1137   1320   3952   3969   3986   3999
97    128   1344   1580   1839   2060   2472   2475
98    28   78   140
99    52   135   136   139   142   156   734
100    133   136   137   139   141   149
101    28   133   135   139   140   158
102    48   78   133   140   141   161
103    136   137   142   143   154   836
104    50   145   150   166
105    137   144   149   152   154   213
106    48   141   144   149   162   163
107    83   147   174   184   186   190   212
108    146   151   155   172   173
109    144   151   155   162   164   171   213
110    134   159   736   838
111    52   135   158   159   838
112    148   164   169   171   181   183
113    48   50   150   161   163
114    145   148   150   162   163   164
115    145   148   160   166   169
116    53   83   153   165   174   196
117    168   178   180
118    53   153   155   171   172   181
119    53   146   172   174   212
120    175   185   188   193   202   234
121    55   98   170   177   182   205
122    168   170   178   201   205   208
123    160   169   170   178   180   182   183
124    153   177   181   182   183   196
125    83   165   167   184   185   193   197
126    187   191   192   477   479   514
127    55   98   185   188   197   209
128    147   167   184   191   479
129    167   187   191   193   195   234
130    187   192   194   195   198   475
131    55   165   177   196   197
132    176   179   199   231   240   247
133    200   204   206   207
134    175   179   188   189   209   231
135    176   179   189   200   206   210
136    176   199   204   206   245
137    200   201   207   208   210
138    98   189   201   205   209   210
139    214   216   218   223   646   649
140    151   152   173   213   214   218
141    146   173   186   212   214   216   220   227
142    143   152   154   217   218   646
143    215   224   465   643   644
144    226   228   369   428   480   513
145    216   220   223   224   644
146    220   224   226   227   369   465   642
147    186   190   226   227   513
148    242   253   254   354   367
149    194   198   235   236   311   357
150    92   175   202   231   232   238   247
151    195   198   202   232   234   235
152    232   235   236   238   242   266   367
153    203   237   239   241   251   258
154    233   246   248
155    92   237   238   239   242   253   260
156    199   203   233   240   241   245   246
157    92   237   240   241   247
158    112   203   246   248   251   252
159    94   244   249   250   257   261   269
160    243   256   263
161    239   244   258   260   269   276
162    94   112   243   252   256   257
163    94   112   244   251   258
164    253   260   264   276   354
165    255   262   267   280   285   287
166    229   243   250   257   263   279
167    64   229   249   250   267   280
168    230   313   324   351   377
169    268   274   277   352   353
170    64   267   270   275   285
171    270   275   314   317   319   323
172    64   249   261   274   275   277   314
173    261   264   269   276   277   353
174    265   271   282
175    229   255   265   271   279   280
176    255   262   265   282   284   295
177    289   292   298   316   318   337   338
178    272   278   281   288   289   318
179    262   278   281   284   287
180    286   290   297
181    288   289   294   296   298
182    88   95   303   307   309   335
183    278   284   286   288   290   294   295
184    283   286   294   296   297   301
185    283   296   298   303   335   337
186    299   300   302
187    88   283   299   300   301   303
188    347   365   397   408   415   606
189    87   88   95   299   302   306   348
190    308   310   349   398   399   402
191    95   306   307   349   399
192    49   138   230   259   325   356   377
193    268   274   313   314   323   351
194    85   315   327   341   361
195    270   272   281   285   287   317   321   328
196    273   317   319   321   331
197    272   316   318   328   333
198    312   313   319   320   323   324   331
199    312   320   332   372   392   491
200    273   315   321   322   327   328   333
201    322   327   329   334   339   341   345
202    85   273   315   320   331   332
203    316   322   333   334   338
204    291   330   340   359   400   401   403
205    292   309   335   337   340   401
206    292   330   334   338   339   340
207    326   330   339   342   345   403
208    343   346   362   423   452   455
209    326   329   345   362   411   455
210    350   608   677   1116
211    87   306   310   349   1114   1115
212    230   259   268   351   352
213    138   254   259   264   352   353   354
214    236   266   357   368   370   379   383
215    49   325   358   363   378   382
216    293   336   359   360   400   416
217    329   341   343   361   362
218    85   332   343   361   386   448   452   491
219    308   310   365   366   397   1114
220    138   254   266   356   367   368
221    311   357   370   375   427   433
222    221   462   667   719   930
223    380   384   387   393   395   432   436   438   664
224    355   370   379   384   427   432
225    312   324   325   363   377   392
226    49   356   358   368   376   383
227    358   376   380   382   387   389
228    376   379   380   383   384
229    441   443   744   745   754   840
230    364   381   390   391   442   492
231    378   381   382   389   390   396
232    363   372   378   390   392   492
233    381   385   394   396   442   755
234    385   387   389   395   396
235    293   308   336   397   398   415
236    291   293   398   400   402
237    291   307   309   399   401   402
238    342   359   360   403   407   409
239    405   422   426   460   504   534   536   575
240    404   410   412   414   419   425
241    304   360   404   407   410   416
242    404   407   409   421   425   454   493   495
243    106   304   305   408   410   414   606
244    304   336   408   415   416
245    413   544   597   598   609   613   680
246    106   413   414   419   597
247    405   412   413   419   544   575
248    406   421   426   440   454   504
249    405   412   421   425   426
250    72   373   429   430   437   473
251    375   430   433   434   461   467   473
252    355   373   430   432   434   436
253    355   427   433   434
254    393   431   438   665   666
255    373   431   436   437   438
256    444   447   457   501   505   507
257    364   388   394   441   442   754
258    388   439   441   443   444   507
259    371   450   508   509   521   747
260    364   386   388   391   444   447   448
261    371   439   443   450   744
262    386   423   447   452   457   497
263    451   456   458   494   496   499   506
264    344   346   411   455   458   496
265    346   423   458   497   499
266    459   498   528   602   603   611
267    72   221   431   437   462   483   486   666
268    225   464   470   471   660   1117
269    369   466   471   480   636   642   1117
270    72   429   481   483   485   641
271    474   476   478   482   1118
272    30   484   657   700   723   788
273    429   467   473   474   476   481
274    461   467   469   476   478
275    192   222   469   475   477   478   482
276    222   228   428   477   514
277    225   470   474   481   485   1118
278    462   468   486   657   719   730   788
279    468   483   486   641   661
280    668   742   748   958   959   963
281    374   385   395   490   664   669   755
282    372   391   448   491   492
283    424   440   454   456   493   494
284    344   456   493   495   496
285    446   500   502   503   517   520
286    424   451   494   500   502
287    446   451   453   501   502   505   506
288    406   424   440   500   503   525   527
289    457   497   499   505   506
290    439   450   453   501   507   508
291    446   453   508   509   510   517
292    463   511   637   640   663   686   697
293    147   190   228   479   513   514
294    435   489   516   729   928
295    459   498   503   518   520   527
296    510   517   518   519   520   523
297    524   612   943   967   1151   1153
298    459   518   519   524   611   943
299    406   504   525   534   537
300    498   525   526   527   528   537
301    530   532   539   589   599   601
302    526   528   532   538   545   601   602
303    417   460   530   532   536   538
304    69   533   535   540   543   552
305    460   526   534   537   538
306    417   530   533   539   540
307    522   533   535   539   542   577   589
308    417   418   422   536   540   552   576
309    1159   1168   1169   1179   1272   1278   1283
310    69   93   535   542   553
311    564   585   1134   4050   4056
312    549   559   562   565   567   571
313    69   93   543   547   554   562   565
314    558   561   563   1128   4058   4060
315    93   547   553   557   558   1128
316    566   568   570   614   615   679
317    547   549   558   561   562
318    549   561   563   564   571   4052   4056
319    418   543   552   554   568   679
320    554   559   565   568   570
321    551   572   593   621   681
322    551   559   560   567   570   572   574   615
323    564   567   571   573   574   583   585
324    422   544   575   576   613
325    529   1123   1125   1131   1148   1195
326    594   610   616   617   619   628
327    586   674   675   4038   4039   4043
328    109   551   574   583   584   681
329    573   583   584   586   4039
330    109   584   586   673   674   682
331    522   531   555   577   1121   1123   1148
332    541   591   1147   1149   1150   1157   1162
333    560   572   593   594   619
334    420   605   607   618   631
335    31   106   305   420   597   598   618
336    531   577   589   599   600
337    541   545   591   599   600   601
338    545   591   602   603   604   1149
339    305   347   420   605   606   624
340    347   365   366   580   596   624   678
341    31   548   598   609   610   616
342    524   603   604   611   1153   1163
343    548   566   609   614   680
344    548   560   594   614   615   616
345    31   595   607   610   618   628
346    579   622   627   630   683   685
347    593   617   619   620   621   622   683
348    595   607   623   627   630   631
349    625   626   684
350    595   617   622   627   628
351    632   633   634
352    580   605   623   624   631   635
353    580   629   632   633   635   678
354    579   587   623   630   632   634   635
355    463   464   466   471   637   652   654
356    466   636   638   639   645   652   653
357    637   654   655   656   697   701
358    465   636   638   642   643
359    211   215   638   643   645
360    211   215   223   644   649   794   797
361    217   646   648   649   732   797
362    75   511   639   651   653   686   690
363    463   511   652   653
364    219   464   654   655   660
365    219   468   655   656   657   661   700
366    688   692   759   761   766   768   793
367    219   470   485   641   660   661
368    45   650   651   690   692   768
369    393   435   489   664   665   669
370    221   489   665   666   667   928
371    435   490   516   668   669   742
372    374   490   668   671   748   841
373    582   672   676   4037
374    569   588   672   673   676   682
375    582   673   674   676   4038
376    596   608   629   677   678
377    418   566   576   613   679   680
378    109   569   620   621   681   682
379    579   587   626   684   685
380    569   588   620   625   683   684   685
381    695   696   698   708   710   711
382    691   693   694   713   756   760
383    75   663   686   691   693
384    75   690   692   693   756   761
385    640   663   691   694   695   710
386    512   640   695   696   697   701
387    30   472   512   696   698   699   723
388    30   512   656   700   701
389    91   698   699   706   708   720
390    704   715   726   775   1227   1416
391    659   702   709   727   1221
392    91   659   706   1221   1228   1298
393    659   702   706   708   711   724
394    689   694   710   711   712   713   724
395    714   716   757   763   772   778   784
396    689   712   716   717   757   774
397    721   722   790   950   1418   1425   1432
398    35   472   699   720   721   1418
399    472   484   721   722   723   789
400    689   702   717   724   725   727
401    707   709   715   725   727   1227   1415
402    487   722   731   789   790   931   953
403    487   719   730   731   930
404    792   795   796   800   803
405    157   647   648   732   735   798
406    156   734   799   804   837
407    741   806   808   813   839
408    134   736   741   808   810
409    670   750   842   954   996
410    371   445   449   521   744   745   752
411    96   751   753   844   938
412    445   449   670   748   841   940   963   996
413    449   670   750   751   752   938
414    521   747   751   752   753
415    374   394   671   754   755   840
416    687   712   713   714   757   760
417    687   688   714   759   763   770
418    687   688   756   760   761
419    758   764   767   780   847   853
420    67   658   764   767   771   786   869
421    658   758   759   766   767   770
422    733   737   758   766   769   793   817   847
423    658   763   770   771   784
424    704   716   774   775   778   782
425    715   717   725   774   775
426    773   990   1295   1589   2644   3881
427    704   726   765   773   782   1295   2642
428    783   785   787   3879   3882   3886
429    765   773   783   785   990
430    765   772   778   782   785   787
431    67   771   772   784   787   3879
432    484   487   730   788   789
433    515   952   960   1494   1497   1498
434    45   768   769   792   793   795
435    45   650   662   795   796
436    647   662   732   794   796   797   800
437    801   802   805   818   934   936
438    737   769   792   802   803   936
439    647   798   800   802   803   805
440    157   798   799   805   807   837   934
441    799   804   806   807   839   935
442    40   811   822   823   858
443    40   738   739   806   813   823   935
444    740   812   816   824
445    40   739   811   814   815   856
446    738   740   808   810   813   824
447    801   814   815   818   937
448    74   812   816   820   825
449    827   828   830
450    738   816   820   822   823   824
451    762   819   831   835   859   867
452    74   819   820   822   831   858
453    832   833   850   855   889
454    44   74   825   828   830   831   835
455    44   827   830   832   833   886
456    44   762   833   835   850   864
457    142   157   734   735   836   837
458    52   156   736   741   804   838   839
459    445   671   745   840   841
460    33   791   1052   1199   1266
461    939   1008   1155   1156   1198
462    42   733   780   829   847
463    846   848   857   860   866   870
464    762   848   854   859   864   866
465    42   780   853   857   860   861   868
466    37   865   891   895   897   900
467    42   826   829   834   846   857
468    811   819   826   834   856   858   867
469    786   849   869   873   3887
470    871   872   880   896   945
471    848   852   854   865   870   883   891
472    834   846   859   866   867
473    764   853   861   869   873
474    852   860   868   870   871   896
475    849   851   861   868   871   872   873
476    877   878   989   992   3880   3884   3885
477    851   872   878   880   944   3885
478    863   879   881   898   899   977   979
479    878   898   944   977   992
480    850   854   855   864   883   885
481    809   821   887   902   907   920
482    809   855   885   887   889
483    888   905   906
484    37   821   883   885   887   890   891
485    66   882   893   908   913   917   922
486    37   862   890   893   897   908
487    852   865   876   895   896   945
488    876   879   895   899   900
489    862   863   894   897   899   900   910
490    884   888   902   906   907   921
491    901   903   923
492    809   832   886   889   902   905   906
493    821   890   908   913   920
494    66   862   893   910   912   972
495    904   914   916   926   968   1015
496    66   909   912   914   916   917   980
497    882   884   901   915   921   922   923
498    909   916   925   1015   1018
499    22   918   927   973   982   984
500    882   907   913   920   921
501    909   915   917   922   925
502    903   915   923   925   1016   1018
503    22   914   918   926   980
504    515   516   729   742   959   960
505    515   667   729   731   928   930   931   952
506    488   951   956   1309   1424   1501
507    739   807   815   818   934   935
508    737   801   817   936   937
509    96   546   746   844   939   955   966   1008
510    746   749   955   965   1009
511    546   939   967   1151   1155   1197
512    876   879   880   898   944   945
513    946   969   974   1023   1030   1041
514    949   971   976   2864   2872   2889
515    488   790   953   1424   1425
516    488   931   951   952   953   1494
517    749   750   844   938   954   955
518    929   999   1002   1306   1446   1495
519    961   962   997   998   1245
520    958   959   960   961   1245   1497
521    940   958   961   962   963
522    791   933   964   995   1165   1199
523    519   523   546   943   966   967
524    918   926   946   968   969   984   985   1027
525    34   874   948   949   971   973   982
526    34   927   973   978   981
527    970   983   1020   2871   2874   3019
528    874   881   971   976   979   993
529    34   863   874   894   978   979
530    22   912   927   972   980   981
531    948   949   970   983   2870   2889
532    948   970   982   984   985   1020
533    919   976   987   993   2864   2866
534    781   875   919   987   989   2862   3880
535    781   875   2644   2654   3881   3883
536    881   919   977   989   992   993
537    749   842   954   965   994   1000   1001
538    842   940   962   994   996   997
539    994   997   998   999   1000   1495
540    933   965   995   1001   1006   1009
541    999   1000   1001   1003   1006   1306
542    1007   1053   1236   1305
543    791   933   1003   1006   1007   1052   1305
544    746   964   995   1008   1009   1156
545    1012   1014   1028   1029   1032
546    892   1012   1013   1019   1029   1031
547    892   904   968   1012   1014   1027
548    1010   1013   1019
549    892   904   1010   1015   1016   1018   1019
550    969   974   985   1020   1022   3019
551    1024   1108   1111   1113   2878   3020
552    974   1022   1023   1108   3020
553    1004   1238   1281   1668   1679   1682   1704
554    946   947   1014   1027   1028   1030
555    924   1033   1035
556    118   947   1011   1028   1032
557    118   1011   1036   1037   1043   1055
558    118   924   1029   1031   1032   1035   1037
559    36   1033   1035   1037   1055
560    957   1201   1213   1231   1233
561    1044   1056   1058
562    947   1011   1030   1041   1043   1112
563    1017   1036   1043   1045   1048   1112
564    51   1040   1047   1049   1075
565    1040   1045   1046   1048   1049   1057
566    843   1203   1205   1241   1243
567    33   843   1007   1052   1053   1243
568    29   1040   1047   1057   1068   1070
569    36   1036   1044   1046   1048   1055   1058
570    29   1046   1056   1057   1058   1063
571    1034   1067   1071   1078   1082   1085   1089
572    1042   1060   1069   1071   1072   1076   1078
573    1059   1064   1065
574    29   1034   1063   1064   1065   1067   1070
575    1059   1065   1067   1082   1086
576    1042   1047   1062   1068   1069   1075
577    1034   1042   1068   1070   1071
578    16   1021   1062   1069   1072   1073   1095
579    16   51   1062   1074   1075
580    1077   1079   1081   1092   2739   2751
581    1072   1073   1076   1081   1092
582    1060   1061   1076   1081   1083   2739
583    1060   1078   1083   1084   1089
584    1087   1088   2945   3889
585    1082   1085   1086   1087   2945   3890
586    1084   1085   1089   2753   2944   3890
587    26   1093   1096   1106   2746   2760
588    1021   1073   1079   1092   1093   1104   2760
589    26   911   1021   1093   1094   1095
590    1098   1101   2890   3021   3023   3026
591    911   1094   1099   1101   1109   2890
592    26   1094   1096   1101   1103   3023
593    2657   2902   3030   3035   3927   3928
594    1107   2697   2744   3025   3027   3029
595    1096   1103   1107   2744   2746
596    1099   1109   1110   1111   2878
597    51   1017   1045   1049   1074   1110   1111   1113
598    1017   1023   1041   1108   1112   1113
599    350   366   596   608   1114   1115
600    87   348   350   1115   1116
601    222   225   428   480   482   1117   1118
602    60   61   578   1136   3894   3895   3899
603    590   1122   1124   1126   1127   1135
604    130   555   590   1121   1124
605    590   1119   1121   1123   1126   1195
606    130   557   1122   1124   1128   4058   4061
607    1129   1141   1146   1160   1185   1196
608    61   578   1119   1126   1135   1143   1145
609    60   1122   1127   1136   4054   4055   4061
610    578   1127   1135   1136
611    1142   3977   3978   3980   4062   4069
612    60   1142   3899   4054   4062   4068
613    1130   1132   1144   1186   3896   4028   4030
614    61   1132   1143   3895   3896
615    1130   1132   1143   1145   1146   1160
616    529   531   541   600   1148   1157
617    592   1147   1162   1167   1263
618    743   942   1154   1161   1253   1269
619    604   942   1149   1150   1154   1163
620    612   1151   1164   1197   1254   1255
621    529   592   1125   1147   1157   1158
622    1125   1129   1131   1158   1159   1168   1196
623    1150   1154   1162   1167   1269
624    612   942   1153   1163   1164   1253
625    941   1200   1251   1256   1257   1265
626    592   1158   1168   1171   1263   1283
627    1129   1141   1159   1169   1177   1187
628    1190   1202   1412   1491   1754   1756
629    1026   1176   1178   1183   1184   1327
630    1180   1181   1188   1189   1209   1471
631    1141   1170   1174   1176   1178   1185   1187
632    1169   1177   1188   1278   1471
633    1026   1170   1176   1180   1181   1191   1193
634    1173   1174   1178   1184   1186   1356   4030
635    1130   1146   1174   1185   1186
636    1170   1177   1180   1187   1188
637    1181   1189   1193   1202   1491
638    1182   1194   1409   1411   1492
639    1026   1191   1194   1287   1327   1411
640    1119   1131   1145   1160   1195   1196
641    941   1155   1197   1198   1200   1255
642    964   1156   1165   1198   1200   1265
643    1210   1211   1212   1259   1264   1271   1285
644    1039   1206   1208   1217   1258   1260
645    33   843   1166   1203   1206   1208   1266
646    1039   1201   1203   1204   1205   1208   1233
647    1214   1218   1220   1382   1386   1392
648    1039   1204   1214   1217   1218   1275   1286
649    1201   1204   1207   1213   1214   1220
650    718   957   1004   1207   1213   1222   1679
651    1210   1212   1217   1258   1286
652    1004   1207   1220   1273   1281   1382
653    1232   1311   1313   1435   1436   1455   1462
654    1470   1506   1519   1520   1615   1616
655    1223   1226   1229   1294   1299   1303   1441   1587
656    707   1223   1229   1297   1413   1415
657    932   1216   1228   1230   1298   1422
658    1234   1237   1239   1246   1312
659    718   957   1215   1231   1239   1242   1246
660    1215   1235   1242   1249   1307
661    1240   1316   1385   1583   1671   1680
662    718   1222   1234   1239   1316   1680
663    1205   1231   1233   1235   1241   1242
664    1050   1053   1235   1236   1241   1243   1244   1307
665    1005   1050   1244   1308   1443   1445
666    1005   1038   1248   1250   1308   1456
667    1038   1215   1246   1249   1250   1312
668    845   1152   1251   1252   1256   1262
669    845   1152   1161   1164   1253   1254
670    845   941   1254   1255   1256
671    1051   1166   1206   1251   1252   1257   1260
672    1051   1212   1258   1259   1260
673    1051   1252   1259   1261   1262   1264   1267
674    1175   1261   1267   1268   1270   1284
675    1165   1166   1199   1257   1265   1266
676    743   1152   1161   1262   1267   1268
677    743   1167   1171   1263   1268   1269   1270
678    1175   1211   1261   1264   1277   1473
679    1172   1279   1374   1406   1474   1475   1477   1755
680    1271   1276   1279   1285   1406   1407
681    1175   1179   1272   1284   1472   1473
682    1211   1271   1277   1279   1280   1474
683    1218   1275   1276   1386   1407   1408
684    1171   1270   1272   1283   1284
685    1210   1275   1276   1285   1286
686    1319   1324   1330   1345   2496   2498
687    1289   1322   1328   1329   1331
688    1192   1379   1410   1481   1750   1753
689    779   1225   1414   1507   2637   2893
690    726   1225   1416   2637   2638   2642
691    707   709   1221   1230   1297   1298
692    1216   1226   1229   1230   1297   1419
693    1420   1429   1439   1453   1454   1463   1468
694    1226   1299   1304   1419   1420   1463
695    1002   1003   1236   1244   1305   1306   1445
696    1038   1050   1249   1307   1308
697    1302   1423   1444   1447   1450   1496   1499
698    1232   1237   1248   1250   1312   1455
699    1311   1314   1315   1462   1662   1672
700    1232   1234   1237   1311   1315   1316   1671
701    1189   1202   1209   1317   1318   1476   1754
702    1334   1355   4023   4026   4031   4032
703    47   1182   1194   1287   1321   1322   1331
704    1323   1332   1336   1337   1349   1363
705    1183   1184   1290   1325   1326   1356
706    1183   1287   1322   1325   1327   1328
707    1288   1290   1324   1325   1328   1329   1330
708    1288   1289   1323   1329   1332
709    1290   1319   1326   1330   1334   1340   4026
710    1289   1321   1323   1331   1336   1347   1360
711    1288   1324   1332   1333   1337   2496
712    1346   2480   2500   3892   4007   4027
713    1361   1370   1376   1528   1536   1559
714    1350   1570   1578   1582   2474   2487   2516
715    1319   1340   1346   2480   2498
716    1341   1352   1358   1368   1387   1556   1557   1560
717    131   1343   1354   1362   2515
718    1335   1336   1352   1353   1360   1363   1368
719    131   1333   1337   1343   1349   2518
720    1173   1326   1334   1356   4031
721    1359   1366   1371   1383   1479   1482
722    115   1335   1347   1359   1360   1366
723    81   1292   1364   1388   1575   1581
724    1343   1349   1353   1362   1363   1364   1388
725    115   1351   1366   1379   1410   1479
726    1335   1358   1359   1367   1368   1371
727    1274   1369   1372   1375   1485   1523   1525
728    1341   1358   1367   1369   1372
729    1274   1367   1369   1371   1383   1486
730    1341   1361   1370   1372   1523   1556
731    1401   1685   1694   1708   2347   2635
732    1484   1487   1521   1689   1691   1713   1743
733    1377   1390   1395   1399   1709
734    1025   1396   1484   1485   1521   1525
735    1389   1391   1393   1490   1703
736    81   1352   1353   1388   1557
737    1282   1386   1389   1391   1392   1398   1408
738    1273   1382   1391   1392   1703
739    1282   1389   1390   1393   1394   1709
740    1291   1397   1400   1405   1746   1843
741    1282   1357   1394   1397   1398   1400
742    1390   1394   1395   1400   1402   1843
743    1404   1706   1711   1714   1716   1844
744    1395   1399   1402   1403   1706   1844
745    1357   1374   1397   1477   1746
746    1357   1374   1398   1406   1407   1408
747    47   1182   1192   1351   1409   1410
748    1190   1192   1409   1412   1492   1753
749    779   1223   1413   1441   1507
750    779   1225   1227   1413   1415   1416
751    1300   1421   1426   1430   1437   1503
752    932   1216   1300   1304   1419   1430
753    703   932   1300   1421   1422   1431
754    703   950   1421   1426   1427   1432
755    950   1309   1424   1425   1427   1434
756    956   1302   1309   1417   1423   1434
757    1304   1420   1429   1430   1433   1503
758    35   703   1418   1431   1432
759    1417   1426   1427   1428   1434   1437
760    1438   1440   1449   1460   1504
761    1302   1417   1428   1438   1440   1447
762    1429   1433   1439   1451   1460   1504
763    777   1303   1467   1469   1587
764    1005   1247   1310   1443   1444   1456   1499
765    1002   1247   1443   1445   1446   1500
766    1310   1313   1436   1444   1450   1457
767    1438   1447   1448   1449   1450   1457
768    1452   1458   1459   1509   1513   1610
769    1439   1451   1452   1454   1509   1515   1518
770    1248   1310   1436   1455   1456
771    1313   1435   1448   1457   1458   1459
772    1448   1449   1451   1452   1459   1460
773    1442   1461   1464   1466   1470   1517   1519   1613
774    1453   1454   1464   1466   1515
775    1442   1453   1465   1466   1468
776    1299   1303   1463   1465   1467   1468
777    1442   1465   1467   1469   1470   1506
778    1179   1209   1278   1317   1471   1472
779    1277   1280   1317   1472   1473   1476
780    1280   1318   1474   1476   1755
781    1365   1480   1483   1717   1751   1752
782    1365   1373   1383   1480   1482   1486
783    1365   1379   1479   1481   1482   1745   1752
784    1373   1396   1480   1483   1484   1691
785    1274   1373   1396   1485   1486
786    1380   1543   1686   1696   1697   1726
787    1674   1707   1735   1859   1921
788    1190   1191   1193   1411   1491   1492
789    728   956   1423   1493   1496   1501   1502
790    728   929   1446   1493   1500
791    728   929   998   1245   1495   1497   1498   1502
792    1247   1493   1496   1499   1500
793    951   1494   1498   1501   1502
794    1428   1433   1437   1440   1503   1504
795    1508   1585   1588   1597   2640   2892
796    1294   1414   1441   1507   1508   2892
797    1314   1435   1458   1462   1610
798    1511   1607   1639   1656   1666
799    1301   1609   1665   1669
800    1509   1510   1513   1516   1518   1611
801    1464   1515   1518   1611   1613
802    1461   1517   1614   1620   1640
803    1384   1526   1531   1684   1695
804    1342   1370   1375   1522   1523   1528
805    1025   1375   1384   1522   1525   1526
806    1524   1529   1532   1537   1541
807    1342   1528   1529   1530   1532   1536   1539
808    1342   1522   1524   1526   1531   1532
809    1547   1552   2300   2301   2303   2305
810    1553   1561   1794   1799   1801   1803
811    1533   1538   1542   1549   2311   2313
812    1530   1536   1540   1546   1559   1561   1803
813    1529   1533   1537   1539   1542   1698
814    1533   1551   1698   2311   2312   2321
815    1530   1538   1539   1542   1546   1804
816    1488   1545   1547   1550   1552   1730   1732   1802
817    1488   1538   1545   1549   1804
818    1545   1549   1552   2305   2313   2316
819    1563   1567   1573   1797   1869   1871
820    1348   1387   1555   1558   1560   1574
821    81   1387   1555   1557   1564   1575
822    1348   1361   1376   1556   1560
823    1348   1376   1540   1559   1562   1572   1574
824    1555   1558   1563   1564   1573   1576
825    1535   1568   1569   1577   1840   1841
826    1535   1554   1563   1568   1576   1797
827    1292   1554   1568   1569   1578   1581   1582
828    1540   1553   1561   1562   1806   1872
829    1558   1572   1573   1574   1871
830    1292   1554   1564   1575   1576
831    1566   1569   1577   1578   2487
832    128   1566   1577   1838   1839   1840   2488
833    1362   1364   1570   1581   1582   2515
834    1219   1584   1682   1704   1733
835    777   1469   1506   1520   1585   1588   1595   1605
836    777   1294   1508   1587   1588
837    1759   2110   2850   2852   2854   2856
838    1602   1622   1635   1645   1907
839    1594   1598   1599   1603   2855   2858
840    1600   1606   1617   1618   1621
841    1585   1595   1598   2636   2640   2858
842    1586   1594   1595   1598   1600   1605   1621
843    1102   1602   1604   1635   1720   2857
844    1586   1594   1599   1604   2857
845    1520   1600   1605   1606   1615
846    1655   1661   1667   1677   1723   1771
847    1301   1314   1510   1513   1609   1610   1662
848    1301   1510   1511   1516   1612   1639   1665
849    1516   1517   1611   1612   1613   1614
850    1224   1461   1519   1616   1620   1629
851    1596   1606   1615   1616   1618   1629
852    1596   1617   1618   1619   1625   1633
853    1586   1602   1604   1617   1619   1621   1622
854    114   1854   1914   1973   1979   3900
855    1626   1630   1631   1634   1636   1649
856    1591   1623   1637   1647   1657   1765   1879
857    1224   1592   1620   1630   1634   1640
858    41   1592   1626   1630   1643   1651
859    1224   1596   1625   1629   1634   1636
860    1623   1627   1637   1638   1646   1721
861    1625   1633   1636   1638   1646   1649   1659
862    41   1592   1607   1612   1614   1639   1640
863    1628   1653   1663   1664   1774   1775   1857
864    1632   1652   1654   1773   1777   1779
865    1619   1622   1627   1633   1645   1646   1762
866    1637   1638   1647   1648   1659   1660
867    1626   1631   1641   1651   1653   1664
868    41   1607   1632   1643   1654   1656
869    1643   1651   1653   1654   1773   1775
870    1514   1632   1652   1655   1656   1666   1771
871    1628   1647   1657   1658   1660   1663   1849
872    1631   1641   1648   1649   1659
873    705   1512   1514   1655   1661   1670
874    1641   1648   1660   1663   1664
875    705   1511   1514   1665   1666   1669
876    1385   1583   1661   1667   1670   1675
877    705   1512   1609   1662   1669   1672
878    1315   1385   1512   1670   1671   1672
879    1673   1676   1678   1681   1860
880    1238   1240   1583   1668   1675   1676   1678
881    1667   1673   1675   1677   1678
882    1222   1240   1668   1679   1680
883    1238   1584   1674   1676   1681   1682   1859
884    1025   1384   1487   1521   1684   1687
885    1683   1688   1690   1725   2335   2355
886    1380   1684   1686   1687   1695   1783   1786
887    1487   1683   1687   1689   1690   1693   1783
888    1381   1689   1693   1694   1708   1713   2634
889    1683   1693   2355   2634
890    1380   1524   1531   1541   1695   1696
891    1537   1541   1696   1697   1698   2321
892    2328   2334   2352   2376   2377
893    1731   1791   1867   1925   2053
894    1219   1273   1281   1490   1703   1704
895    1710   1734   1736   1740   1741   1920
896    1403   1706   1710   1711   1739   1740
897    1377   1399   1403   1710   1734
898    1401   1685   1711   1714   1739   1742
899    1381   1401   1708   1714   1716   1744
900    1404   1478   1715   1716   1718   1744
901    1483   1691   1715   1717   1718   1743
902    1760   1940   2102   2105   2108
903    1766   1851   1853   1909   1911
904    1608   1642   1673   1677   1723   1860   1861
905    1784   1785   1789   2329   2333   2337
906    122   1547   1730   2299   2301
907    1548   1729   1732   1802   1866
908    122   1728   1730   1731   1732   1866   1867
909    1219   1377   1393   1490   1709   1733   1734   1736
910    1584   1674   1733   1736   1741   1921
911    1954   1960   2050   2051   2371   2431
912    1685   1742   2052   2347   2350   2370
913    1705   1739   1740   1742   1920   1922   2052
914    1381   1713   1718   1743   1744
915    1291   1405   1478   1715   1717   1747   1749   1751
916    1405   1475   1477   1746   1747   1757
917    1481   1745   1747   1748   1749   1750   1757
918    1745   1749   1751   1752
919    1412   1748   1750   1753   1756   1758
920    1172   1318   1754   1755   1756   1758
921    1172   1475   1748   1757   1758
922    1102   1720   1759   1760   1763   2104   2108   2856
923    1764   1908   1937   1939
924    1635   1720   1763   1764   1907   1939
925    1591   1657   1766   1849   1911
926    1768   1888   2116   2118   2122   2124   2127
927    1850   1852   1965   1971   1974
928    1642   1652   1723   1771   1772   1777
929    1650   1770   1778   1780   1856   1858   1949
930    1650   1773   1774   1775   1779   1856
931    1642   1644   1772   1778   1780   1861   1947
932    1650   1772   1777   1779   1780
933    1489   1724   1781   1924   2047
934    1543   1686   1785   1786   1789
935    1688   1690   1783   1785   1786   2333
936    1527   1787   1790   2322   2325   2327
937    1543   1726   1784   1789   2322   2327
938    126   1728   1731   1791   1816   1822
939    1548   1571   1729   1794   1799   1805   1865
940    132   1796   1798   1800   1811   1818   1825
941    1535   1567   1579   1796   1797   1811   1841
942    1565   1793   1806   1812   1870   1872
943    1548   1550   1794   1801   1802
944    1488   1546   1550   1801   1803   1804
945    1553   1793   1799   1805   1806
946    1571   1793   1795   1805   1808   1812   1826
947    1792   1814   1831   1835   1934
948    1800   1808   1812   1825   1870
949    1792   1795   1807   1810   1814   1819   1826
950    1813   1820   2195   2279   2281
951    132   1810   1814   1817   1818   1833   1835
952    1702   1792   1807   1813   1820   1831   2056
953    126   1807   1813   1819   1821   1822   2195
954    1702   1824   1927   2056   2087   2249
955    132   1808   1810   1825   1826
956    2057   2059   2206   2214   2216   2220
957    82   1829   1830   1834   1837   2062   2202
958    1836   1933   2058   2061   2063
959    1798   1818   1829   1833   1834
960    1817   1829   1830   1833   1836   1933
961    82   1579   1796   1798   1834   1842
962    82   1837   1838   1839   1842   2060
963    1579   1838   1840   1841   1842
964    1291   1402   1404   1478   1843   1844
965    1627   1721   1762   1875   1881   1884
966    1848   1876   1890   1893   1896   1910
967    1628   1658   1776   1850   1852   1857   1961
968    1658   1722   1766   1849   1851   1852   1971
969    114   1722   1851   1853   1854
970    1770   1776   1855   1858   1961
971    1774   1776   1856   1857   1858
972    1489   1608   1681   1707   1724   1859   1860
973    1608   1644   1724   1781   1861   1862
974    1624   1700   1782   2049   2192
975    126   1728   1729   1821   1865   1866
976    2196   2258   2631   2849
977    1565   1567   1800   1811   1869   1870
978    1562   1565   1572   1869   1871   1872
979    1874   1928   1931   2064   2067
980    1623   1721   1875   1879   1880   1899
981    1882   1883   1885   1887   2126   2128
982    1886   1894   1900   1912
983    1875   1880   1882   1883   1884   1938
984    1877   1878   1883   1936   1938   2128
985    1761   1880   1882   1885   1886   1894   1899
986    1761   1846   1885   1887   1888   2124
987    1768   1846   1848   1888   1890   1903
988    1891   1901   2036   2138   2398   2417
989    1761   1846   1876   1890   1894   1912
990    1889   1898   2013   2113   2141   2148
991    1768   1895   1898   1903   1904   2113   2116
992    1765   1879   1886   1899   1900
993    1847   1906   2007   2017   2143   2147
994    1847   1848   1903   1904   1906   1910
995    1898   1904   1906   2013   2147
996    1645   1762   1764   1881   1907   1908
997    114   1853   1893   1896   1909   1914   1915
998    1591   1765   1876   1893   1900   1909   1911   1912
999    1847   1896   1910   1915   1916   2017   3901
1000    1914   1915   1979   3901
1001    1863   1951   1955   1962   1964
1002    1705   1737   1919   1922   2048   2193
1003    1735   1741   1920   1921   1922   2048
1004    1700   1781   1862   1923   2047   2192
1005    1727   1815   1926   2054   2260
1006    1702   1824   1831   1928   1934   2067
1007    76   125   1929   2066   2071   2217
1008    1809   1827   1930   2072   2221
1009    1817   1835   1874   1928   1933   1934   2063
1010    1845   2103   2129   2130   2158
1011    1877   1881   1884   1908   1937   1938
1012    1760   1763   1877   1878   1937   1939   1940
1013    1892   1902   1989   2004   2014   2177
1014    1943   1957   1986   1991   1992   2332   2351   2428
1015    1624   1700   1864   1923   1945   1946   1959
1016    1863   1864   1945   1948   1950   1962
1017    1778   1947   1948   1949   1950
1018    111   1917   1942   1956   1957   1992
1019    1943   1958   1960   2428   2431   2432   2434
1020    1863   1917   1945   1946   1955   1956
1021    1943   1946   1956   1957   1958   1959
1022    1624   1954   1958   1959   1960   2049
1023    1770   1855   1948   1949   1951   1962   1966
1024    1951   1952   1964   1966   1969   1970
1025    1850   1855   1952   1961   1965   1966
1026    1963   1967   1972   1977   1997   2001
1027    1917   1942   1955   1964   1970   1981
1028    1952   1963   1965   1969   1972   1974
1029    1722   1854   1963   1967   1971   1973   1974
1030    1968   1976   1987   1993   2170   2273
1031    1969   1970   1972   1977   1978   1981   1988
1032    1967   1973   1997   1998   2009   3900
1033    111   1942   1944   1981   1982   1988
1034    1968   1976   1977   1978   1999   2001   2006
1035    1986   1991   1994   2421   2437   2440
1036    1968   1978   1982   1987   1988
1037    1984   2183   2452   2455   2772
1038    111   1944   1991   1992   1994
1039    1944   1982   1987   1993   1994   2421
1040    1976   1995   1999   2273   2449   2451
1041    1980   2000   2002   2003   2005   2008
1042    1769   1984   1995   2000   2002   2183   2451
1043    1995   1999   2002   2005   2006
1044    1769   1892   1989   2000   2008   2186
1045    1980   1997   2001   2005   2006   2009
1046    1983   2010   2011   2012   2015
1047    1980   1983   1998   2003   2009   2010
1048    1892   1913   2003   2008   2010   2012   2014
1049    2016   2018   2019   2025   2142   2146
1050    1913   2011   2012   2016   2018
1051    1916   2007   2011   2015   2017   2018   2146
1052    1902   1913   2014   2016   2019   2023   2027
1053    2021   2024   2026   2033   2035   2140
1054    1975   2020   2038   2039   2173
1055    2019   2025   2026   2027   2140
1056    1902   2023   2030   2039   2173   2177   2188
1057    2023   2024   2026   2027   2030   2040
1058    2029   2032   2034   2043   2404   2408
1059    2022   2024   2029   2033   2034   2040
1060    2029   2033   2035   2138   2408   2417
1061    110   2022   2032   2034   2045   2679
1062    110   2022   2030   2038   2039   2040
1063    2041   2190   2402   2687   2921   3169
1064    8   2042   2046   2684   2922
1065    110   2020   2038   2046   2679   2922
1066    1489   1707   1735   1737   1924   2048
1067    1782   1919   1954   2049   2050   2193
1068    1705   1919   2050   2051   2052   2370
1069    1727   1791   1816   2053   2054
1070    2194   2197   2250   2254   2255   2282
1071    1827   1832   1930   2057   2058   2061   2220
1072    1832   2057   2062   2202   2203   2204   2206
1073    1830   1832   1836   2061   2062
1074    1809   1827   1874   2058   2063   2064
1075    76   1809   1873   1931   2064   2065   2066   2072
1076    1824   1927   1931   2065   2067   2068
1077    2074   2076   2083   2089   2090   2092
1078    1932   2066   2072   2217   2221
1079    1873   2065   2068   2074   2082   2083   2096
1080    76   1873   1929   2074   2088   2089
1081    71   2077   2079   2080   2098
1082    125   1929   2078   2079   2088   2098
1083    2070   2075   2091
1084    121   2073   2081   2224   2230   2236
1085    2085   2093   2223   2264
1086    2097   2238   2242   2248   2266
1087    2070   2075   2076   2078   2088   2089
1088    84   2075   2076   2086   2090   2091
1089    84   2090   2092   2262   2263   2265
1090    2095   2099   2101   2218   3739
1091    2082   2083   2092   2097   2248   2265
1092    125   2071   2080   2098   2099   2101
1093    2077   2080   2101   2218   3740
1094    1845   1878   1936   1940   2102   2103
1095    1601   1845   2102   2105   2158   2897   2898
1096    2106   2109   2111   2900   3040
1097    1590   2104   2105   2108   2109   2111   2898
1098    1759   2104   2106   2110   2111
1099    1767   2131   2144   2156   2166   3908   3911   3918
1100    1897   2114   2134   2152   2155   2165
1101    1889   1895   1897   2113   2117   2123   2134
1102    1897   2114   2118   2119   2122   2123   2157
1103    14   2031   2115   2120   2135   2392
1104    1895   2116   2122   2123
1105    1719   1767   2118   2127   2131   2157
1106    1719   1887   2124   2125   2126   2127
1107    1936   2103   2125   2126   2128   2129
1108    1719   2125   2129   2130   2131   3908   3920
1109    2114   2119   2155   2156   2164   2166
1110    1889   2115   2117   2120   2139   2141
1111    14   2117   2120   2134   2152   2154
1112    1901   2031   2115   2139   2160   2398
1113    1901   1905   2021   2035   2138   2160   2161
1114    1905   2021   2025   2140   2142   2149
1115    2137   2169   2269   2419   2688   2924
1116    2007   2142   2143   2146   2149
1117    1905   2013   2143   2147   2148   2149   2161
1118    2121   2136   2150   2151   2153   2270   2395
1119    14   2136   2154   2392   2395
1120    2112   2136   2137   2152   2154   2165   2169   2270
1121    1767   2119   2156   2157
1122    1601   1935   2130   2158   2159   3920
1123    2139   2141   2148   2160   2161
1124    2132   2167   2690   2692   3902   3907
1125    2112   2133   2155   2164   2165
1126    2133   2164   2166   2167   3902   3918
1127    2112   2133   2167   2168   2169   2688   2692
1128    2171   2359   2380   2384   2446   2454   2610
1129    8   1975   2020   2046   2172   2180
1130    2178   2276   2444   2770   3129   3133   3134
1131    2028   2172   2180   2276   2991   3131   3134   3135
1132    2179   2181   2182   2189   2275
1133    1975   2028   2173   2180   2181   2188   2275
1134    1989   2004   2179   2186   2187   2189
1135    2178   2179   2182   2185   2187   2444   2773
1136    1769   2183   2185   2186   2187   2772
1137    2004   2177   2181   2188   2189
1138    2278   2677   2681   3052   3136   3137   3170   3175   3648
1139    1737   1782   1924   2047   2192   2193
1140    1815   1816   1822   2054   2194   2195   2197   2281
1141    1815   1926   2196   2197   2232   2255   2631
1142    1823   2243   2250   2280   2282   2295
1143    1828   2469   2776   3103   3532   3733
1144    79   1837   2060   2202   2203   2475
1145    86   101   2205   2207   2209   2476
1146    79   101   2203   2204   2476
1147    101   2059   2204   2206   2209   2212
1148    2094   2208   2215   2219   3732   3743
1149    1828   2205   2209   2212   2213   3532
1150    2059   2208   2212   2213   2214   2215
1151    1932   2071   2095   2099   2208   2214   2216   2217   2219
1152    2095   2210   2219   3732   3739
1153    1930   1932   2216   2220   2221
1154    121   1868   2073   2085   2223   2228
1155    2055   2234   2247   2285   2530
1156    2222   2226   2227   2229   2235
1157    1868   2222   2228   2229   2288
1158    121   2222   2224   2228   2231   2233   2235
1159    2084   2198   2237   2240   2252   2256
1160    2055   2226   2233   2234   2235
1161    2224   2230   2231   2237   2239   2252
1162    2230   2236   2238   2239   2253   2266
1163    2055   2084   2231   2233   2237   2241   2247
1164    2069   2199   2238   2242   2243   2253   2295
1165    2244   2245   2251   2257   2259   2293
1166    2241   2245   2247   2257   2285   2291   2294   2800
1167    2082   2096   2199   2242   2248   2296
1168    2069   2198   2240   2243   2250   2254
1169    2069   2198   2239   2252   2253
1170    2232   2240   2251   2254   2255   2256   2259
1171    2084   2241   2251   2256   2257
1172    2196   2232   2244   2258   2259   2848
1173    102   2244   2261   2293   2815   2845   2848
1174    2073   2081   2223   2262   2263   2264
1175    84   2086   2093   2263   2264
1176    2081   2097   2236   2262   2265   2266
1177    1505   2646   2656   2877   2894
1178    2137   2150   2269   2270   2271
1179    2145   2150   2151   2271   2272   3055   3057
1180    1738   1985   2386   2422   2436   2445
1181    2028   2178   2182   2275   2276
1182    2042   2044   2677   2684   3136   3139
1183    1820   1823   2056   2087   2279   2280
1184    1823   2194   2279   2281   2282
1185    77   2283   2470   2477   2489   2511   2779
1186    2225   2226   2227   2234   2246   2286   2289   2530
1187    2227   2229   2286   2287   2288
1188    46   2246   2289   2292   2529   2534
1189    46   119   2534
1190    102   2245   2293   2294   2814
1191    2087   2199   2249   2280   2295   2296
1192    2310   2537   2556   2558   2629   2842
1193    2297   2302   2304   2309   2557   2628
1194    122   1867   1925   2299   2302   2304
1195    1544   2297   2299   2300   2301   2304
1196    1378   1788   2307   2318   2342   2345   2543
1197    1544   2297   2308   2318   2543   2557
1198    1701   1727   1925   2053   2260   2302   2309   2632
1199    2306   2314   2315   2317   2320   2324   2326   2341
1200    2303   2305   2315   2316   2317
1201    2311   2312   2313   2315   2316   2320
1202    1544   2300   2303   2314   2317   2318   2342
1203    1527   1551   1790   2306   2312   2320
1204    1551   1697   1726   1790   2321   2322
1205    2319   2326   2341   2346   2363   2375
1206    1527   2306   2319   2325   2326
1207    1787   2319   2325   2328   2330   2334   2375
1208    43   1784   1787   2327   2329   2330
1209    1699   1918   2339   2358   2373   2425   2429
1210    1699   2331   2336   2338   2339   2340
1211    1688   1725   2331   2333   2336   2337   2349
1212    43   2329   2331   2337   2338
1213    43   2330   2334   2338   2340   2377   2387
1214    1788   2314   2324   2342
1215    1788   2324   2341   2345   2346   2361
1216    1941   2307   2323   2344   2345   2361   2538
1217    1692   2356   2365   2367   2369
1218    1699   1712   2336   2349   2356   2358   2365
1219    1918   2274   2339   2340   2379   2382   2387
1220    2353   2362   2364   2544   2608   2834
1221    1692   1725   2335   2349   2356
1222    2357   2366   2368   2372   2427   2430
1223    2374   2381   2383   2385   2423   2426
1224    1941   2323   2362   2364   2586   2599
1225    2323   2343   2346   2353   2361   2363   2364
1226    1712   2358   2368   2425   2430
1227    1712   2348   2365   2367   2368   2372
1228    2347   2348   2350   2367   2369   2635
1229    2051   2348   2350   2370   2371   2372   2427
1230    1918   2373   2374   2379   2423
1231    2328   2343   2363   2375   2376
1232    2343   2352   2353   2376   2388   2608   2835
1233    2274   2378   2382   2388   2603   2835
1234    2360   2374   2379   2381   2382   2603
1235    2359   2360   2380   2381   2383
1236    2171   2359   2383   2385   2386   2422
1237    2274   2352   2377   2387   2388
1238    776   2106   2110   2267   2390   2850   2900
1239    2145   2151   2153   2391   2399
1240    2037   2393   2394   2396   2400   2411
1241    2121   2135   2392   2395   2396   2400
1242    1891   2031   2135   2394   2396   2398   2409
1243    2121   2153   2391   2393   2400   2406
1244    2393   2403   2406   2411   2662   2668
1245    9   2412   2661   2906   2909
1246    2391   2399   2405   2406   2662
1247    2397   2407   2410   2415   2418   2908
1248    1891   2036   2397   2409   2410
1249    2037   2394   2397   2409   2415   2416   2664
1250    2037   2403   2411   2414   2416
1251    2407   2412   2415   2661   2664
1252    2036   2404   2408   2410   2417   2418
1253    2163   2699   2707   2928   2934   2942
1254    1738   1985   1986   2351   2437
1255    1738   1953   2332   2351   2385   2422   2426   2433
1256    1953   2373   2423   2424   2426   2429
1257    1953   2357   2366   2424   2432   2433   2434
1258    2366   2424   2425   2429   2430
1259    2357   2371   2427   2431   2432
1260    2332   2428   2433   2434
1261    1996   2438   2439   2441   2442   2447
1262    1985   2437   2438   2439   2440   2445
1263    1993   1996   2170   2421   2439   2440   2450
1264    2175   2446   2448   2610   2616   2622
1265    1996   2441   2443   2450   2458   2463
1266    2171   2386   2436   2446   2448
1267    2175   2436   2438   2445   2447   2448
1268    2170   2273   2443   2449   2450
1269    1984   2443   2449   2451   2455   2463
1270    2457   2467   2840   2994   2995
1271    2441   2442   2456   2458   2461   2465
1272    2184   2435   2462   2464   2771
1273    2466   2468   2623   2988
1274    2456   2457   2461   2462   2464   2995
1275    2184   2452   2455   2458   2461   2463   2464
1276    2175   2442   2447   2465   2466   2468   2622
1277    2456   2457   2465   2467   2468   2624   2988
1278    86   1828   2205   2470   2489   2776
1279    86   1580   2207   2470   2471   2472   2477
1280    2473   2478   2481   2485   2491   2507
1281    79   2207   2472   2475   2476
1282    1344   1580   2471   2473   2478
1283    2471   2473   2477   2491   2493   2511
1284    128   1344   2478   2481   2482   2488
1285    2201   2483   2520   2521   2527
1286    1350   2474   2481   2482   2485   2504   2506
1287    1566   2474   2482   2487   2488
1288    77   2479   2494   2519   2779
1289    2284   2484   2490   2497   2508   2510
1290    2284   2490   2491   2492   2493   2507   2514
1291    1338   1350   2504   2509   2516   2517
1292    1333   1345   2496   2501   2505   2518
1293    1345   2480   2498   2500   2501   2503
1294    2486   2499   2500   2502   2503   4007
1295    2495   2497   2499   2502   2508   2522
1296    2495   2499   2501   2503   2505   2509   2517
1297    2284   2485   2506   2507   2510
1298    2495   2504   2506   2508   2509   2510
1299    77   2492   2493   2494   2511   2512
1300    2492   2512   2513   2514   2523   2790
1301    1338   1354   1570   2515   2516
1302    131   1338   1354   2505   2517   2518
1303    2201   2479   2494   2512   2513   2520
1304    2528   2785   2791   2792   3109
1305    2484   2490   2514   2525   2790
1306    108   2484   2497   2522   2524   2525   2799
1307    2513   2520   2523   2527   2528   2785
1308    2290   2531   2801   2803   2961
1309    99   2225   2289   2292   2531   2801
1310    99   2292   2529   2535   3120
1311    119   2529   2534   2535   2811
1312    123   2536   2539   2542   2546   2559
1313    1378   2307   2344   2536   2539
1314    2344   2536   2538   2540   2541   2546
1315    1378   2298   2308   2539   2542   2543
1316    104   1990   2581   3507   3508   3726
1317    2298   2537   2542   2558   2559   2564   2569
1318    2551   2554   2572   2574   2577   2582   2584
1319    2540   2541   2554   2576   2584   2598
1320    2549   2551   2555   2560   2562   2572
1321    123   2541   2546   2551   2554   2555
1322    2298   2308   2537   2556   2557   2628
1323    2553   2565   2567   2568   2596   2820   2825
1324    123   2555   2559   2560   2561   2564
1325    2549   2560   2561   2567   2568   2606
1326    1534   2553   2558   2565   2569   2842
1327    2573   2575   2579   3505   3529
1328    2553   2561   2564   2568   2569
1329    2597   2808   2843   2844   2846
1330    2549   2562   2563   2573   2575   2606   3528
1331    2552   2562   2572   2574   2575   2579
1332    1990   2552   2574   2577   2581   2592
1333    1990   2552   2579   3505   3506   3508
1334    2617   2828   2832   2981   3006   3011
1335    2548   2550   2585   2833   2978
1336    2460   2550   2577   2582   2585   2592   2977
1337    2548   2550   2582   2584   2598   2604
1338    2460   2593   2977   2983   2985
1339    2362   2544   2586   2587   2612
1340    104   2460   2581   2592   2593
1341    2563   2595   2607   3502   3504   3520   3528
1342    1534   2565   2597   2808   2820
1343    2576   2586   2587   2598   2599   2604
1344    2590   2600   2602   2609   2614   2620
1345    2360   2378   2380   2384   2590   2600   2603
1346    2591   2613   2615   2836
1347    2563   2567   2596   2606   2607
1348    2544   2602   2605   2609   2612   2834
1349    2354   2384   2454   2600   2611   2620
1350    2548   2587   2604   2605   2612   2613   2615   2833
1351    2601   2605   2609   2614   2615   2836
1352    2454   2610   2611   2616   2618   2626
1353    2459   2619   2627   2837   3012
1354    2354   2601   2614   2620   2621   2627   2837
1355    2466   2616   2618   2622   2623   2987
1356    2459   2580   2618   2619   2626   2987   2997
1357    2354   2611   2619   2626   2627
1358    1701   2309   2310   2556   2628
1359    1701   2310   2571   2629   2630   2632   2633
1360    1926   2260   2571   2631   2632   2849
1361    1692   1694   2335   2355   2369   2634   2635
1362    1293   1296   2389   2649   2851   2853   2859
1363    2641   2643   2645   2647   2652
1364    1593   1597   2636   2640   2641   2643   2649   2859
1365    1593   2637   2638   2643   2645   2893
1366    1295   1589   2638   2639   2642   2645   2647
1367    988   2648   2650   2655   2860   3015
1368    2639   2647   2648   2652   2653   2655
1369    1293   2648   2651   2653   2851   2860   2861
1370    1293   2641   2649   2652   2653
1371    988   1589   2639   2644   2654   2655
1372    1105   2887   2895   2902   3035   3036   3039
1373    2669   2670   2927   3225   3605   3620
1374    2401   2663   2665   2671   2910   2912   3041
1375    2401   2403   2414   2665   2666   2668
1376    2414   2416   2661   2664   2665   2906   2912
1377    2413   2669   2905   2927   3274   3603
1378    2401   2413   2666   2671   2905
1379    2413   2669   2670   2671   2910   3043
1380    2660   2675   3042   3047   3224   3290   3623
1381    2660   2670   3043   3224   3225   3235
1382    2043   2404   2418   2678   2680   2682   2908
1383    2032   2043   2045   2678   2923
1384    2277   2676   2683   2685   2686   2907
1385    2277   2676   2678   2682   2923
1386    2044   2677   2681   2683   2685
1387    2402   2681   2685   2686   2687   3052
1388    2701   2705   2925   2926   3058
1389    2691   2693   2695   2700   2702   2703   3906
1390    2168   2419   2688   2693   2695
1391    2168   2691   2692   2695   3907
1392    2162   2732   3038   3904   3931
1393    2702   2706   2716   2717   3905   3906
1394    21   2419   2693   2700   2701   2705   2924
1395    21   2163   2699   2700   2703   2708   2712
1396    21   2163   2705   2926   2928
1397    2702   2703   2712   2714   2716
1398    1090   2711   2713   2719   2938   3059
1399    7   2698   2709   2721   2726   2728
1400    2699   2708   2711   2713   2936   2942
1401    1090   2708   2711   2712   2714   2715
1402    2706   2709   2714   2715   2716   2721
1403    7   1090   2709   2715   2719   2724
1404    2706   2717   2721   2728   2732   3037   3904
1405    2710   2718   2727   2730   2741   2742   2755
1406    2719   2723   2724   2725   2731   2767   3059
1407    7   2718   2724   2725   2726   2727
1408    2698   2710   2718   2720   2726   2729
1409    38   2725   2727   2730   2731
1410    2698   2720   2728   2745   2758   3033   3037
1411    1080   2710   2729   2734   2741
1412    39   2737   2756   2768   3063
1413    1077   1080   2734   2748   2750   2751
1414    1080   2740   2741   2742   2750   2754
1415    38   97   2730   2743   2755   2762
1416    2747   2749   2759   2761   3031   4070
1417    1106   2744   2746   2749   3029   4070
1418    1077   1079   1104   2738   2748   2759   2761
1419    1061   2735   2739   2740   2750   2751
1420    2736   2752   2763   2765   3061
1421    2736   2742   2754   2755   2762   2765
1422    2722   2766   2769   2930   3072   3093
1423    2738   2745   2758   2759   3031
1424    1104   1106   2749   2760   2761
1425    39   2736   2737   2743   2762   2763
1426    2735   2740   2752   2754   2764   2765
1427    38   97   2731   2766   2767   2769
1428    97   2722   2737   2743   2768   2769
1429    2435   2444   2770   2771   2773   2996
1430    2184   2185   2452   2771   2772   2773
1431    2777   2778   2786   2952   3102
1432    2283   2469   2489   2776   2777   3102
1433    2283   2519   2775   2777   2778   2779
1434    2201   2479   2483   2519   2775   2788   2954
1435    2782   2787   2956
1436    2781   2789   2958   2959   3106
1437    2775   2778   2783   2786   2954   2955
1438    2483   2521   2781   2788   2789
1439    2523   2524   2525   2528   2790   2791
1440    108   2524   2526   2791   2792   2793   3116
1441    80   2797   2798   3893   4001   4008
1442    80   2526   2793   2797   3936   3940
1443    108   2526   2797   2798   2799   4011
1444    2225   2285   2291   2530   2801   2803
1445    2290   2291   2800   2802   2803
1446    2547   2807   2817   2822   2963   3118
1447    2290   2532   2547   2802   2804   2807   2809   2961
1448    2806   2813   2816   2827   2847   2971
1449    2533   2810   2823   2962
1450    2804   2806   2809   2812   2813
1451    102   2806   2812   2814   2815   2847
1452    2547   2809   2813   2817   2969   2971
1453    2819   2824   2826   2972
1454    2808   2818   2820   2821   2825   2846
1455    2532   2807   2810   2822   2823
1456    2570   2595   2596   2607   2819   2821   2824   2825
1457    2816   2818   2821   2824   2826   2827
1458    2583   2588   2832   2981   2986   3583
1459    2829   3526   3530   3674   3683   3706
1460    2583   2591   2613   2617   2832   2833   2978
1461    2378   2590   2602   2608   2834   2835
1462    2591   2601   2617   2621   2836   3011
1463    2453   2467   2624   2625   2994   2999   3004
1464    2990   2998   3005   3007   3013   3550
1465    1534   2597   2629   2630   2842   2843
1466    2261   2630   2633   2843   2844   2845
1467    2261   2815   2818   2827   2844   2846   2847
1468    2258   2571   2633   2845   2848   2849
1469    1505   2267   2390   2646   2651   2851   2853
1470    2267   2389   2850   2852   2853
1471    1296   1603   2389   2852   2854   2855
1472    1102   1599   1603   2854   2856   2857
1473    1296   2636   2855   2858   2859
1474    2646   2651   2861   2877   2882   3016
1475    986   1097   2268   2881   2882   3016   3017
1476    90   986   1097   2863   2867   2869
1477    987   2862   2866   2867   2869   3018
1478    90   2864   2866   2869   2872   2888
1479    2868   2873   2875   2879   2880   3022   3158
1480    90   2863   2875   2880   2888
1481    983   2868   2870   2871   2879
1482    2268   2881   2886   3156   3157
1483    975   2871   2874   2879   2891   3022
1484    1097   2863   2873   2880   2881   3157
1485    2268   2656   2877   2882   2883   2886
1486    1091   2885   2887   3024   3036   3155
1487    1105   2656   2883   2887   2894   3155
1488    2868   2870   2872   2875   2888   2889
1489    975   1024   1098   1099   2878   2890   2891
1490    1414   1593   1597   2892   2893
1491    776   1105   1505   2390   2894   2895
1492    2107   2899   2903   3916   3925   3926
1493    1590   2107   2897   2898   3912   3916
1494    1590   2107   2109   2901   2903   3040
1495    2657   2901   2902   2903   3039   3926
1496    2405   2662   2666   2668   2905   3597   3603
1497    9   2676   2680   2682   2907   2909   2913   2914   2915
1498    2407   2412   2680   2908   2909
1499    2663   2913   2914   2917   3041   3044   3046
1500    9   2663   2906   2912   2913
1501    2041   2402   2686   2907   2911   2915   2919
1502    2914   2915   2917   2919   3049
1503    2673   2916   3045   3050   3159   3162
1504    2041   2911   2918   2921   3053   3163
1505    2044   2045   2277   2679   2683   2684   2922   2923
1506    2269   2271   2701   2924   2925   3057
1507    4   20   2667   2704   3056   3593
1508    4   20   2689   2926   2928   2934   3058
1509    2420   2931   2932   3090   3098   3182
1510    2929   2933   2935   2937   3188   3594
1511    4   2689   2929   3593   3594
1512    2689   2707   2929   2934   2937   2940   3100
1513    2713   2936   2938   2943   3095   3101
1514    2420   2937   3090   3099   3100   3188
1515    2707   2936   2940   2942   2943
1516    1066   2752   2753   2764   2944   2947   3061
1517    1054   1066   2946   2947   3062   3891
1518    117   2946   2948   2949   3062   3065
1519    2757   3064   3066   3068   3073
1520    2780   2786   2952   2955   3535   3730
1521    2774   2781   2782   2783   2787   2788   2954   3106
1522    2780   2783   2787   2955   2956   3534
1523    2784   2957   2960   3107   3110
1524    113   2521   2527   2785   2789   2958   3109   3111
1525    99   2531   2532   2533   2823   2961   2965   3120
1526    2805   2966   2975   3119   3467   3470
1527    3121   3122   3123   3124
1528    2970   2973   3126   3472   3500   3501
1529    73   2817   2963   2969   2970   2976   3126
1530    73   2816   2826   2969   2971   2972
1531    120   2970   2973   2976   3490
1532    120   2963   2974   2975   2976   3118   3470
1533    2583   2585   2588   2977   2978   2985
1534    104   2593   2829   2830   2983   3507   3526   3531
1535    2979   2982   2984   3457   3575   3582
1536    2829   2830   2979   3457   3674
1537    2588   2830   2979   2983   2985   2986   3582
1538    2623   2624   2625   2987   2988   2997
1539    2174   2992   2993   3003   3128   3537
1540    2174   2770   2838   2992   2996   3129
1541    2838   2840   2992   2993   2994   2999
1542    2435   2462   2838   2840   2995   2996
1543    2459   2580   2839   2990   2998   3000   3012
1544    2453   2580   2625   2997   3000   3153
1545    2453   3004   3153   3547   3552   3750
1546    2993   2999   3003   3004   3547
1547    2828   2839   2998   3005   3006   3009
1548    2841   3008   3010   3014   3539   3578
1549    2828   2981   3009   3010   3014   3583
1550    2621   2837   2839   3006   3011   3012
1551    3005   3009   3014   3539   3550
1552    2650   2860   2861   3016   3017
1553    986   2650   2867   3015   3017   3018
1554    1022   1024   2874   2891   3019   3020
1555    975   1098   2876   3021   3022   3158
1556    1091   2865   2876   2884   3021   3024   3026
1557    1103   1107   2865   3023   3025   3026
1558    1091   2865   2885   3025   3027   3028
1559    2697   2733   3027   3028   3030   3928
1560    1100   3034   3929   3930   4071
1561    1100   2747   2758   3031   3033   3034
1562    2885   3028   3030   3035   3036
1563    1100   2732   3033   3037   3038   3930
1564    776   2895   2900   2901   3039   3040
1565    2673   2675   2916   3042   3044   3046
1566    2660   2675   2910   3041   3043   3044
1567    2916   2917   3045   3046   3049
1568    2673   3042   3047   3048   3159   3285
1569    2911   2918   2919   3045   3049   3050
1570    3051   3054   3160   3161   3165   3658
1571    3164   3166   3173   3371   3651   3652
1572    2272   2704   3055   3056   3251   3601
1573    20   2704   2925   3055   3057   3058
1574    2723   2938   3059   3060   3095
1575    39   117   2763   2947   3061   3062   3063
1576    2722   2756   2768   2930   3064   3066   3071
1577    117   2756   2949   3063   3066   3068
1578    2949   2950   3065   3067   3068   3073
1579    2950   3067   3069   3070   3074
1580    2951   3070   3074   3075   3077   3078
1581    2757   2950   2951   3073   3074
1582    3079   3080   3082
1583    2930   2939   3071   3072   3083   3096
1584    2757   2951   3064   3071   3077   3083
1585    3084   3085   3087   3089   3180   3186
1586    3075   3078   3080   3082   3086   3088
1587    3079   3082   3084   3085   3088   3183
1588    2939   3075   3077   3083   3086   3091
1589    3081   3085   3086   3087   3088   3091
1590    2931   3081   3087   3089   3092   3094   3098
1591    2939   3081   3091   3092   3096   3097
1592    2941   3060   3076   3092   3094   3095   3097   3101
1593    3072   3076   3093   3096   3097
1594    2941   3090   3094   3098   3099
1595    2940   2941   2943   3099   3100   3101
1596    2200   2469   2952   3102   3103   3730
1597    2953   3104   3105   3533   3736
1598    2774   2784   2959   3106   3107
1599    100   113   2960   3110   3111   3942
1600    2784   2958   2959   3110   3111
1601    3113   3115   3117   3944   4072
1602    3108   3113   3114   3117
1603    100   113   2792   2796   3109   3115   3116   4072
1604    2810   2822   2962   2966   2975   3118
1605    2535   2811   2965   3120   3121   3123
1606    2533   2805   2962   2965   2966   3121   3124
1607    70   2805   3122   3124   3467
1608    73   2570   2819   2972   3125   3126   3500
1609    3130   3132   3144   3146   3542   3543
1610    2174   2989   3128   3129   3132   3133   3540   3542
1611    12   2989   2991   3131   3132   3144
1612    2989   2991   3133   3134
1613    12   2176   3127   3131   3135
1614    2191   3140   3141   3147   3149   3172
1615    2176   3127   3140   3141   3142
1616    3136   3139   3141   3142   3147   3175
1617    12   65   2176   2191   3140   3144   3146
1618    3145   3748   3753   3845   3854
1619    3143   3148   3150   3178   3745   3747
1620    65   2191   3143   3150   3172
1621    65   3001   3146   3148   3150   3152   3543
1622    2990   3000   3007   3153   3552   3749
1623    2883   2884   2886   3024   3155   3156
1624    2873   2876   2884   3156   3157   3158
1625    2918   3050   3160   3161   3162   3163
1626    3048   3051   3159   3161   3162   3288
1627    2921   3053   3166   3169   3173
1628    3053   3160   3163   3166   3276   3371   3658
1629    2278   3170   3174   3643   3649   3650
1630    2190   2687   3052   3170   3174
1631    3137   3168   3176   3647   3648
1632    2190   3164   3169   3173   3174   3650
1633    3137   3147   3149   3175   3176
1634    3143   3149   3172   3176   3178   3647   3757   3759
1635    10   2931   3089   3180   3182
1636    17   3184   3187   3191   3193   3195
1637    10   17   3180   3184   3186
1638    3179   3185   3189
1639    10   2932   3182   3184   3193   3588   3590
1640    17   3084   3179   3183   3186   3189   3191
1641    3181   3185   3189   3191   3195   3205
1642    3190   3194   3196   3200   3206   3222
1643    5   3198   3204
1644    3187   3190   3195   3196   3205   3208
1645    3194   3198   3200   3202   3204   3220
1646    2659   2672   3199   3219   3237   3269
1647    23   3197   3201
1648    3200   3206   3213   3219   3220   3221   3269
1649    5   3181   3190   3194   3204   3205
1650    3196   3207   3208   3209   3222   3236   3616
1651    3187   3193   3208   3209   3590
1652    1   2672   3197   3199   3201   3217
1653    11   3214   3216   3218   3233   3242
1654    2659   2672   3192   3214   3217   3218   3246
1655    3210   3211   3228
1656    1   3210   3211   3216   3217   3218
1657    23   3197   3199   3202   3219   3220
1658    3203   3206   3221   3222   3616
1659    3215   3241   3245   3248   3271   3622
1660    89   3224   3235   3272   3290   3619
1661    11   3210   3212   3216   3228   3240
1662    24   3229   3243   3253   3263
1663    11   3230   3231   3240   3242   3243   3253
1664    3214   3215   3233   3245   3246   3267
1665    3238   3247   3249   3250   3270   3273   3618
1666    3203   3213   3221   3238   3247   3617
1667    3227   3239   3252
1668    3244   3257   3264   3265   3284   3286
1669    3230   3232   3233   3242   3267
1670    3230   3231   3232   3244   3264   3268
1671    2659   3192   3237   3249   3270
1672    3192   3215   3234   3246   3248   3249   3618
1673    3226   3238   3250   3592   3610   3612   3617
1674    3212   3227   3229   3240   3252   3253
1675    24   3223   3227   3229   3239   3261
1676    3256   3258   3262   3278   3294   3313
1677    24   3258   3259   3261   3262   3263   3296
1678    3254   3255   3260
1679    3223   3254   3255   3261   3262   3278
1680    3231   3243   3263   3264   3286   3296
1681    2674   3241   3244   3265   3268   3291   3622
1682    3232   3241   3245   3267   3268
1683    3213   3237   3247   3269   3270
1684    89   3234   3248   3271   3619
1685    3250   3273   3605   3612   3613   3620   3621
1686    3289   3295   3297   3303   3311   3333   3334
1687    3254   3256   3260   3275   3278   3282
1688    32   3299   3307   3314   3330   3346
1689    3277   3281   3308
1690    19   3256   3275   3292   3307   3313   3314
1691    25   2920   3265   3266   3284   3291
1692    2920   3257   3284   3287   3289   3295
1693    25   2920   3051   3054   3287   3288   3312
1694    2674   3047   3266   3285   3291   3623
1695    3   3054   3165   3311   3312   3333   3659
1696    3258   3259   3283   3294   3297   3334
1697    3257   3259   3286   3295   3296   3297
1698    32   3277   3279   3281   3299   3305
1699    3300   3301   3302   3306   3317   3322
1700    32   3280   3302   3305   3306   3309   3330
1701    3298   3300   3301   3304
1702    3279   3298   3300   3305   3306
1703    3275   3277   3282   3299   3307   3308
1704    3315   3320   3345   3347   3366   3368
1705    3287   3289   3311   3312
1706    3283   3292   3294   3313   3335
1707    19   3292   3315   3316   3331   3335   3345
1708    105   3302   3309   3317   3318
1709    3280   3309   3310   3318   3319   3320   3347
1710    3301   3304   3322   3325   3328
1711    3321   3323   3326   3329   3341   3763
1712    105   3317   3322   3328   3336   3626   3632
1713    27   3321   3323   3327
1714    27   3321   3325   3328   3329   3632
1715    19   3314   3331   3346
1716    3   3303   3315   3316   3332   3333   3366
1717    3283   3303   3316   3334   3335
1718    15   3348   3350   3351   3627   3635
1719    3323   3327   3341   3343   3363
1720    56   3340   3356   3362   3364   3379
1721    3338   3339   3342
1722    56   3324   3326   3341   3362   3363   3775
1723    3280   3320   3330   3331   3345   3346
1724    3352   3367   3369   3370   3653   3799
1725    3310   3319   3350   3625   3627
1726    3310   3347   3350   3351   3352   3368   3799
1727    2   3338   3340   3342   3356   3358
1728    13   3353   3361   3373   3787   3795
1729    3353   3357   3360   3373
1730    3356   3358   3361   3364   3381   3787   3788
1731    2   3353   3358   3360   3361
1732    3338   3339   3340   3343   3362   3363
1733    3365   3380   3382   3761   3785   3851
1734    3   3293   3332   3367   3369   3659
1735    3332   3352   3366   3368   3369
1736    3276   3293   3367   3370   3371   3652
1737    13   18   3357   3373   3377
1738    3384   3386   3392   3756   3819   3835
1739    3372   3376   3393
1740    13   18   3392   3795   3819   3833   3840
1741    56   3324   3379   3380   3382
1742    3359   3364   3379   3381   3382   3785
1743    3372   3374   3376   3384   3386   3388
1744    57   3387   3391   3397   3401   3415
1745    3383   3390   3395
1746    57   3386   3388   3391   3835   3837   3843
1747    3374   3383   3387   3388   3390   3391
1748    18   3372   3377   3384   3392   3393
1749    6   3383   3387   3395   3397   3399
1750    116   3385   3404   3412   3414   3673
1751    3394   3398   3413
1752    6   3397   3401   3412   3661   3672   3673
1753    57   3415   3663   3668   3837   3844
1754    107   116   3394   3398   3404   3410
1755    3406   3411   3419   3421   3425   3441
1756    116   3385   3406   3410   3411   3664   3670
1757    3396   3403   3409
1758    107   3396   3403   3410   3411   3419
1759    6   3394   3399   3404   3412   3413
1760    3400   3401   3415   3661   3668
1761    2831   3439   3443   3801   3860   3861
1762    3403   3407   3409   3419   3421   3423
1763    62   3420   3430   3436   3440   3480
1764    3418   3422   3437
1765    3405   3407   3421   3425   3432   3436   3480
1766    3406   3441   3670   3716   3858   3859
1767    59   3418   3420   3422   3430   3434
1768    68   3435   3438   3445   3451   3494
1769    62   3430   3431   3434   3435   3451   3465
1770    3427   3428   3433
1771    59   3427   3428   3434   3435   3445
1772    3407   3418   3420   3423   3436   3437
1773    2968   3442   3452   3453   3455   3481   3720
1774    3424   3425   3432   3441   3716
1775    3405   3424   3432   3442   3452   3717
1776    68   3427   3429   3433   3445   3449
1777    2964   3459   3468   3478   3498   3723
1778    3444   3448   3479
1779    68   3429   3438   3459   3478   3482   3496
1780    62   3440   3455   3465   3481
1781    2831   3439   3442   3453   3454   3717
1782    2566   2968   3453   3454   3461   3719
1783    3456   3462   3705   3802   3862
1784    2594   3447   3492   3519   3718
1785    2831   3454   3456   3461   3462   3861
1786    2566   3519   3714   3715   3718   3719   3721   3724
1787    3431   3450   3455   3465   3466   3493   3720
1788    2964   3444   3446   3448   3468   3474
1789    3469   3471   3475   3477   3486   3489
1790    63   2964   3471   3474   3477   3498
1791    3469   3473   3475   3476
1792    70   3119   3467   3473   3475   3486
1793    3446   3469   3474   3476   3477
1794    3429   3444   3449   3468   3478   3479
1795    3405   3440   3452   3480   3481
1796    3438   3483   3494   3495   3496
1797    3485   3491   3497   3499   3515   3722
1798    63   3471   3484   3487   3488   3489
1799    2974   3119   3470   3486   3488   3489
1800    2973   3472   3484   3485   3487   3490   3722
1801    3447   3466   3483   3492   3493   3495
1802    3431   3451   3493   3494   3495
1803    2594   2967   3447   3482   3483   3496   3499   3515
1804    3459   3482   3491   3499   3723
1805    3460   3463   3472   3485   3497   3501
1806    3125   3463   3500   3501   3513   3516
1807    2578   3464   3511   3514   3518   3725
1808    3509   3517   3522   3524   3729
1809    3503   3505   3506   3509   3524   3529
1810    2578   3460   3463   3510   3511   3516
1811    3502   3503   3504   3509   3512   3517   3521
1812    2967   3460   3497   3511   3514   3515
1813    2578   3464   3510   3512   3521
1814    2594   2967   3514   3519   3724   3725
1815    3502   3510   3513   3516   3520   3521
1816    3464   3512   3517   3518   3522   3523   3728
1817    2545   2589   3523   3525   3710   3728
1818    3507   3527   3531   3711   3726   3727
1819    2573   3503   3504   3528   3529
1820    2980   3526   3530   3531   3711
1821    2200   3103   3731   3733   3737   3742
1822    2780   2953   3105   3534   3535
1823    3151   3556   3558   3560   3746
1824    3541   3544   3546   3554   3562   3567
1825    3128   3537   3540   3541   3544   3545
1826    3130   3540   3542   3545
1827    3130   3152   3543   3544   3545   3554   3557
1828    3002   3003   3537   3541   3546   3547   3750
1829    3154   3538   3549   3551   3553   3555   3570
1830    3008   3013   3539   3549   3550   3553   3569
1831    3007   3013   3553   3555   3749
1832    3002   3154   3538   3546   3562
1833    3001   3152   3548   3556   3557   3746
1834    3561   3566   3572   3581   3813   3815
1835    3536   3548   3556   3558   3566   3754   3815
1836    3538   3561   3562   3567   3570   3572   3580
1837    3536   3754   3790   3816   3830   3853
1838    3548   3554   3557   3561   3566   3567
1839    3559   3571   3573   3574   3576   3680
1840    3549   3551   3559   3569   3571
1841    3551   3559   3570   3576   3577   3580
1842    3008   3569   3571   3574   3578   3678
1843    3563   3576   3577   3579   3680   3690
1844    2841   2982   3575   3578   3676   3678
1845    3563   3572   3577   3580   3813
1846    2841   2986   3010   3575   3582   3583
1847    3587   3640   3642   3646   3760
1848    3585   3586   3758   3846   3847
1849    2420   2932   2933   3188   3588   3606
1850    3207   3209   3588   3589   3590   3591   3606
1851    3596   3598   3607   3609   3615
1852    2667   2935   3593   3594   3595   3598   3607
1853    3599   3600   3602   3604   3611   3614
1854    2667   3056   3251   3595   3599   3614
1855    2904   3251   3599   3600   3601
1856    2904   3274   3597   3600   3602   3603
1857    2658   2927   3274   3602   3604   3605   3613
1858    2933   2935   3589   3606   3607   3609
1859    3589   3591   3596   3608   3609
1860    2658   3592   3596   3604   3608   3610   3611   3615
1861    2658   3610   3612   3613
1862    3595   3598   3611   3614   3615
1863    3203   3226   3236   3616   3617
1864    3234   3272   3273   3618   3619   3621
1865    3225   3235   3272   3620   3621
1866    89   2674   3271   3290   3622   3623
1867    3628   3637   3762   3764   3766   3768   3769   3772
1868    3336   3344   3349   3626   3628   3636   3762
1869    15   3349   3625   3627   3630   3636
1870    15   3584   3629   3630   3635   3638   3644
1871    3329   3344   3626   3632   3763   3776
1872    3348   3629   3635   3800
1873    3628   3630   3636   3638   3769
1874    3171   3584   3624   3644   3656   3767
1875    3171   3337   3587   3624   3640   3654
1876    3167   3177   3640   3642   3643   3649   3654
1877    3639   3657   3774   3782   3848
1878    3168   3177   3642   3646   3647   3759
1879    2278   3168   3177   3648   3649
1880    3164   3167   3643   3650   3651   3655
1881    3370   3634   3641   3651   3652   3653   3655
1882    3167   3337   3641   3654   3655
1883    3587   3624   3656   3657   3760   3774
1884    3165   3276   3293   3658   3659
1885    124   3662   3665   3856   3857
1886    3400   3408   3661   3662   3665   3669   3672
1887    3385   3408   3414   3417   3664   3665   3857
1888    124   3458   3565   3662   3669   3708   3855
1889    3400   3458   3663   3668   3669
1890    3417   3664   3670   3671   3858
1891    3408   3414   3672   3673
1892    3667   3691   3695   3806   3808   3811
1893    3677   3679   3681   3692   3694   3696
1894    2982   2984   3676   3679   3681
1895    3568   3573   3574   3676   3678   3681   3696
1896    2984   3416   3457   3674   3677   3679   3683
1897    3568   3573   3579   3680   3684   3697   3812
1898    3667   3675   3688   3708   3806   3810   3855
1899    3682   3693   3698   3803   3804   3805
1900    3685   3701   3752   3809   3821
1901    3416   3677   3682   3692   3693
1902    3682   3687   3692   3694   3695   3805   3811
1903    3568   3687   3694   3696   3812
1904    3416   3683   3693   3698   3706   3707   3712
1905    3684   3697   3700   3701   3752
1906    3375   3675   3709   3810   3818   3824
1907    3689   3698   3705   3712   3802   3803
1908    2545   2980   3525   3530   3699   3706   3707
1909    3375   3565   3675   3708   3823
1910    2545   2980   3527   3710   3711
1911    3689   3699   3707   3712   3713
1912    2589   3525   3699   3713   3714   3715
1913    3424   3439   3443   3716   3717   3859
1914    3450   3466   3492   3718   3721
1915    2968   3450   3719   3720   3721
1916    63   3484   3491   3498   3722   3723
1917    2589   3518   3523   3715   3724   3725
1918    3506   3508   3524   3726   3727   3729
1919    3522   3527   3710   3727   3728   3729
1920    2200   2953   3533   3535   3730   3731
1921    2094   2213   2215   3532   3733   3737
1922    2100   3734   3738   3741
1923    3533   3731   3735   3736   3742   3744
1924    2210   2211   3732   3734   3738   3743
1925    2100   2210   2218   3734   3739   3740
1926    2211   3735   3738   3741   3744
1927    2094   2211   3737   3742   3743   3744
1928    3001   3148   3151   3745   3746
1929    3151   3560   3585   3745   3747   3748   3758   3845
1930    3002   3154   3552   3555   3749   3750
1931    58   3703   3814   3827   3829
1932    3558   3560   3748   3753   3754   3853
1933    3755   3797   3863   3867   3877
1934    3178   3586   3747   3757   3758
1935    3586   3639   3646   3657   3757   3759   3760   3847
1936    3324   3365   3380   3633   3764   3766   3775
1937    3344   3633   3762   3764   3776
1938    3365   3631   3761   3766   3768
1939    3637   3645   3770   3772   3773   3777
1940    3637   3638   3644   3767   3769   3770
1941    3631   3645   3765   3768   3772   3779
1942    3656   3767   3770   3773   3774   3782
1943    3326   3633   3763   3775   3776
1944    3138   3564   3771   3778   3781   3784
1945    3645   3765   3771   3777   3784   3793
1946    3771   3773   3777   3781   3782   3848
1947    3778   3780   3783   3784   3791   3793
1948    3786   3794   3826   3832   3850
1949    3354   3359   3378   3381   3788   3852
1950    3751   3789   3790   3792   3798   3830
1951    3145   3564   3778   3791   3792   3798   3854
1952    3755   3780   3783   3826   3850   3877
1953    3354   3787   3788   3795   3833   3839
1954    3755   3783   3789   3791   3797   3798
1955    3348   3351   3634   3653   3799   3800
1956    3426   3660   3666   3686   3704   3801   3860
1957    3660   3704   3802   3803   3804   3807   3862
1958    3695   3804   3805   3807   3808
1959    3660   3666   3688   3806   3807   3808
1960    3667   3685   3691   3809   3810   3818
1961    3685   3687   3691   3697   3701   3811   3812
1962    58   3563   3581   3690   3702   3813   3814
1963    58   3536   3581   3815   3816   3827
1964    3700   3702   3703   3752   3814   3820   3821   3822
1965    3817   3825   3828   3864   3866   3871
1966    3809   3818   3820   3821   3824
1967    3709   3820   3822   3824   3825   3828   3842
1968    3375   3709   3823   3841   3842   3870   3872
1969    3703   3817   3822   3828   3829
1970    3751   3816   3817   3827   3829   3830   3864
1971    3355   3402   3796   3865   3876
1972    3354   3378   3839   3873   3875   3878
1973    3355   3756   3796   3819   3836   3840
1974    3355   3389   3402   3756   3835   3843
1975    3833   3836   3839   3840   3875
1976    3389   3402   3838   3841   3865   3870
1977    3389   3837   3838   3843   3844
1978    3138   3145   3564   3585   3845   3846
1979    3138   3639   3781   3846   3847   3848
1980    3765   3779   3780   3786   3793   3849   3850
1981    3359   3785   3786   3832   3849   3851   3852
1982    3753   3790   3792   3853   3854
1983    124   3666   3686   3688   3855   3856
1984    3417   3426   3671   3686   3856   3857
1985    3426   3443   3671   3858   3859   3860
1986    3462   3704   3801   3861   3862
1987    3751   3789   3797   3864   3866   3867
1988    3834   3868   3869   3874
1989    3831   3863   3866   3867   3868   3871   3874
1990    3831   3865   3868   3869   3870   3872   3876
1991    3825   3831   3842   3871   3872
1992    3378   3794   3832   3852   3878
1993    3796   3834   3836   3869   3873   3875   3876
1994    3794   3826   3834   3863   3873   3874   3877   3878
1995    877   991   3882   3884   3886   3888
1996    783   990   991   3881   3882   3883
1997    875   991   3880   3883   3884
1998    849   851   877   3885   3887   3888
1999    67   786   3879   3886   3887   3888
2000    1054   1088   3889   3891
2001    1066   1088   2753   2945   3890   3891
2002    3983   3984   4000   4012   4022   4025
2003    1133   3897   3898   3981   3982   4024
2004    1144   3894   3895   3896   3897   4024
2005    1142   3894   3897   3898   3899   3980
2006    1916   1979   1983   1998   2015   3900   3901
2007    2132   2690   2694   2696   3903   3919   3932
2008    2694   2696   2717   3904   3905   3931
2009    2690   2691   2694   3905   3906   3907
2010    2144   3903   3909   3911   3919   3921
2011    1935   2159   3909   3910   3914   3921
2012    3913   3915   3917   3924   3933
2013    3903   3909   3910   3915   3917   3932
2014    2899   3910   3912   3914   3916   3917   3924
2015    2132   2144   3902   3918   3919
2016    1935   3908   3911   3920   3921
2017    2896   3032   3913   3922   3923   3933
2018    2899   3913   3922   3924   3925
2019    2657   2896   3922   3925   3926   3927
2020    2733   2896   3923   3927   3928   3929   4071
2021    2162   3032   3038   3923   3929   3930
2022    2162   2696   3032   3915   3931   3932   3933
2023    3935   3949   3950   3954   3958   3967
2024    80   3940   3951   4008   4009   4014
2025    2794   3938   3939   3943   3947
2026    2794   3936   3940   3941   3943   3951
2027    2796   3115   3938   3941   3943   3944
2028    3108   3112   3113   3938   3944   3947   3955
2029    3945   3948   3956
2030    3939   3946   3947   3949   3954   3955
2031    2794   3939   3949   3950   3951   4014
2032    129   2795   3953   3966   3985   3987   4015
2033    54   3945   3946   3948   3954   3958   3962
2034    3112   3946   3948   3955   3956
2035    127   3934   3960
2036    3957   3963   3964   3974   4016
2037    54   127   3960   3961   3962   4017
2038    3937   3958   3961   3962   3963   3967   4016
2039    129   3937   3963   3964   3965   3987
2040    129   3935   3937   3967   4015
2041    1137   3957   3964   3965   3969   3976
2042    3975   3989   3990   3992   4046
2043    103   3977   3991   4063   4064   4067   4069
2044    3957   3968   3972   3974   3975   3976   3988   3989
2045    103   1320   3969   3972   3976   3991
2046    103   1320   3952   3977   3978   3979
2047    1139   3898   3978   3979   3980   3981
2048    1139   3981   3982   3983   3998   4022
2049    2795   3983   3984   3985   3986   3998   3999
2050    1137   3965   3985   3986   3987
2051    3968   3988   3994   4003   4047
2052    3972   3973   3975   3990   3991   4064
2053    3995   3997   4040   4042   4053   4066   4073
2054    3973   3990   3992   3997   4045   4066
2055    550   3970   3997   4034   4040   4045
2056    1139   3952   3979   3998   3999
2057    1339   2795   3893   3953   3984   4000   4001
2058    127   3934   4003   4004   4017   4047
2059    3959   3968   3989   3994   4046
2060    2486   3892   4006   4007   4010   4013
2061    3953   3966   4001   4008   4009
2062    1339   2798   3893   4010   4011   4013
2063    1339   4000   4006   4012   4013
2064    3935   3950   3966   4009   4014   4015
2065    3961   3974   3988   4003   4016   4017
2066    3996   4005   4018   4019   4036   4041
2067    3970   4002   4020   4021   4034   4049
2068    1120   3892   4006   4012   4023   4025   4027   4032
2069    1120   1133   3982   4022   4025   4033
2070    1340   1346   4023   4026   4027
2071    1133   1144   4024   4028   4029   4033
2072    1173   1355   4028   4029   4030   4031
2073    1120   1355   4029   4032   4033
2074    4019   4035   4036
2075    550   3970   4002   4035   4036   4041
2076    582   675   4005   4018   4037   4038
2077    581   4042   4044   4051   4053
2078    550   3996   4040   4041   4042   4044
2079    675   3996   4005   4043   4044   4051
2080    3959   3992   4020   4034   4045   4046
2081    4021   4048   4049
2082    3959   3994   4004   4020   4047   4048   4049
2083    573   581   585   4039   4043   4050   4051
2084    581   1134   1138   4050   4053   4073
2085    556   1140   3971   3993   4057   4059   4074
2086    1134   1138   4052   4056   4059   4074
2087    556   563   4052   4059   4060
2088    556   3993   4055   4058   4060   4061
2089    3971   3993   4054   4055   4068
2090    1140   4057   4063   4065   4067
2091    3973   3995   4064   4065   4066   4067
2092    1140   3971   4062   4063   4068   4069
2093    2697   2733   2747   3029   3034   4070   4071
2094    100   3114   3117   3942   4072
2095    1138   3995   4057   4065   4073   4074
