0.0006833920390360796
0.0005930326554236505
0.0007342421912865712
0.000712802448872874
0.0008482038003503767
0.0008929221911182861
0.0009196227233228384
0.0007719316455872772
0.0006833920390360796
0.0005799484267337298
0.0004833720973101037
0.0006436165257385812
0.0008184863626808829
0.0007972867570584738
0.00046251246180996873
0.0009368275655589225
0.00069251137673645
0.0008927630902550502
0.0006181108034182857
0.0008061969184335067
0.0004832146917702314
0.0005823664355652037
0.0008362105555080896
0.00046754859224568904
0.0005529705540188797
0.0005592306377653691
0.0005843248799846813
0.0006730148857890753
0.00044382113362043465
0.0006219037366940799
0.0006461988516847971
0.0005101456475084011
0.0006517498318333904
0.0006100241581623884
0.000626397288731608
0.0008950181271298371
0.0004651956431296596
0.0007930426955379995
0.00043868708028809746
0.0005382417390792779
0.0008007848865690653
0.0005807079851935096
0.0006838078181132549
0.0008102539013792637
0.0006738713556004134
0.0006281196734852414
0.0005696778052123152
0.0004981600187056632
0.0004356627109048548
0.0007081038148485453
0.0004819735586844881
0.0005503977882842497
0.000982705293531224
0.0006003179695644673
0.0004385824412906532
0.0005463305580526563
0.0008362105555080887
0.0009961816642226722
0.0007717378777193668
0.0005353580356640577
0.0008653271146302741
0.0006792161180433896
0.0004833337390860019
0.0006069204133546456
0.0007049288303012072
0.0006392203954550617
0.0005998912521074625
0.0006441890199317809
0.0006321320364982343
0.000698554763821007
0.0005464599864002152
0.0006451265633896594
0.0006654188517603234
0.0005092021009630724
0.0009460585614353961
0.0005048999920521223
0.0006246223701109348
0.0007935974556197703
0.0006824974492286446
0.000639078142520247
0.0005464599864002152
0.0005888975902940687
0.0009487832730067606
0.0007988671374803628
0.000670845584847559
0.0005668407484394175
0.0004911769658124193
0.0008663244546196617
0.0005339372035489726
0.0003829602261082657
0.0006117071887619951
0.0009729774945648776
0.00044875623035019185
0.0006517630455349163
0.000701289493470798
0.0008340533133058988
0.0008003953937439179
0.000590236516470419
0.0009793717297031628
0.0009726831452981943
0.0008787304631595151
0.0004324998245501656
0.0006996188614220479
0.0007837379206651173
0.0008594647695270758
0.0007894348984058476
0.0007369675189343261
0.0005173994757443276
0.0009793717297031633
0.0006428061662762236
0.0006672315840198049
0.0006341022384555221
0.000878694266837567
0.0007362127234425923
0.0005898810915026251
0.0007129510101663745
0.0004871387063856579
0.000621407792894635
0.0005219385825220744
0.0007517416787551771
0.0007251031569462602
0.0006017013876310441
0.0007914447976617028
0.000656970260009682
0.0008152093269882931
0.0005716730025195991
0.0008110362242197055
0.0005571723537735676
0.0006080700525136554
0.000553154622301882
0.0006925113767364491
0.0005924398156457742
0.0005008882944137977
0.0009270155221635344
0.0009961816642226722
0.000494769238884662
0.0005538708828038861
0.0009512402374770718
0.0006731951073653221
0.0006812171000903453
0.0006575612034849737
0.0008008930261012037
0.0005810899680118828
0.0005769902621923298
0.0005866828541320226
0.00046097468727061765
0.00038366558957836534
0.0007875935461823598
0.0005082949520362743
0.0005222883676961567
0.0006005418018659985
0.0008606547620784357
0.0006298160714421179
0.0005801336198165774
0.00042003569086992727
0.0006186165582913149
0.0009564992736214046
0.00057994842673373
0.0007167972355957945
0.0005285670717341611
0.0005431543668047594
0.0005905224824543902
0.0005715614120053565
0.0008865375873417887
0.0006388717945003909
0.0008219593554984154
0.0008133794536577591
0.0005650482486154796
0.0006831484425897259
0.0006043890701771804
0.0005375112580589623
0.0006642481133842682
0.0008345039872511249
0.0008427450920147034
0.000859024621028423
0.0005648434062855293
0.0006351781643125667
0.0007475502896483396
0.0007873014415486659
0.0006268324976818097
0.000569988854586491
0.000582198283223527
0.0009989960520627005
0.0005771735438705296
0.0006139015060825652
0.0005965280746880639
0.0007063228746043634
0.0008275652457390224
0.00044310374776479
0.0008655784603683066
0.0006096338873512123
0.0006163285303011246
0.0009792776842793055
0.0005178986017336589
0.0008466248103988298
0.0007262959132751547
0.0006931366770326199
0.000563916418785806
0.0005593835422002019
0.0006889749137699588
0.0006987657716696973
0.0004851570615016313
0.0008340533133058988
0.0005362614359234287
0.0005778473105057394
0.0005524006452082568
0.0009467852360745261
0.0007736350223814656
0.000554156879785331
0.0008478748340038657
0.0008521783169861525
0.0007840523720353881
0.0009162151399175057
0.0007055993419162179
0.0005278640241742211
0.0005530132569521089
0.0008491528413944664
0.0007503165668888964
0.0005141938909669242
0.0007945860438864243
0.0007503165668888961
0.000615336887258262
0.0006655122293208211
0.0006147259616170431
0.0007583389237959482
0.0007195513778019337
0.0008669155687858721
0.0008987015102024567
0.0007945860438864248
0.0009311451057443614
0.0006343431041012479
0.0006600960416187421
0.0006384173211433791
0.0005902570546403082
0.0005549512178596853
0.0004721760251793479
0.0009133194659488194
0.0006480527420661695
0.0004403840321670462
0.0006469456570912133
0.0004428289595445581
0.00043243370063036197
0.0009022084484893564
0.00046867550070651433
0.0006978814238963881
0.0007263021103091644
0.0004832000272791909
0.0004990526154968753
0.0006398903202372097
0.0005724246341466638
0.000908015426829206
0.0008453476303116759
0.0006391003476615082
0.0009307483428841934
0.0005982471988185082
0.0007182430169402343
0.0008935637413837281
0.0005989644831335722
0.00045934959048745836
0.0006644692827307997
0.0005387784680534703
0.0004579727342971772
0.0008735899642685957
0.0007305731850605441
0.0005005172023408591
0.0005244211229423546
0.0009625422658230956
0.0006203374114401351
0.0005060095944637
0.0008615256112107383
0.0006697221390318726
0.0006907299351586412
0.00045158612635494075
0.0009287962951021475
0.0005517562773558735
0.0006708630726020147
0.0009408290419496353
0.0005422744950421809
0.0005885040365898667
0.0006088098719138838
0.0006511005472975887
0.0005829691167445871
0.0009486254610993191
0.0005880987574398535
0.0005570780610358483
0.0005579931113234269
0.000750745037271445
0.0008233287427972646
0.0008863354914708352
0.0008139623729851774
0.0007497353897897704
0.0005792518008583924
0.0006982896670182383
0.0005389928855187857
0.0004538871444492989
0.0005370127169716455
0.0007227278052820991
0.0008280640475376716
0.0006803783374045905
0.0006745772830290785
0.0006466933364207899
0.000701904379910692
0.0005705038085862014
0.0005429741088793119
0.0008618002914766673
0.0005209082842576795
0.00057023528945164
0.0008890228518238247
0.0004861966018242488
0.0008707976238207533
0.0006335262343159691
0.0004783997891199595
0.0005192289551560559
0.0007912898221155137
0.000629165197037998
0.0004006849273917425
0.0005747723035903086
0.00042574494078277745
0.0006291651970379989
0.0007597117750285228
0.0005708511545380454
0.0005068980922808639
0.00055757700053946
0.0005090788929682996
0.0005655794337832692
0.0009743744226019179
0.0006575626063554784
0.0008858091737652847
0.0007425171316840294
0.0008388356638412035
0.0008388356638412034
0.0006243566902050281
0.0009641950495675208
0.0009329022235398648
0.0009100686750373801
0.0007716415133162385
0.0007712486376714005
0.0009224108515963475
0.000753544076474981
0.0004313179822839292
0.0007946935900124269
0.0007133496632743333
0.0009049485289031236
0.0005515331179079754
0.0009689455225663727
0.0007132918960838369
0.0009575624765096556
0.0008540331460295692
0.00046744206566089793
0.0005541230203738004
0.0009498563779717665
0.0009049485289031219
0.0005642940362889496
0.0006506226444538373
0.0006143278360143997
0.0007635983991262649
0.0006632750388665858
0.0006441172276537076
0.0005786720375835284
0.000578617065568528
0.0008764670726505955
0.0006650681114059487
0.0008298121930225243
0.0005174173660941035
0.0007890315442913552
0.000871466203233947
0.0007017437118466041
0.000598783397566309
0.0005042657157676917
0.0009387430959689504
0.0005881756972827283
0.0006903271157722571
0.0007938174014631458
0.0006166972129988085
0.0007620697059650984
0.000871466203233947
0.0005360167248101852
0.0008124825522524996
0.000864865208867833
0.0009624232732699384
0.0006500659244830938
0.0007746780227048458
0.0007362486226914003
0.0005757022306040929
0.000516961209264399
0.0004913881092986668
0.0005613147030769538
0.0009870420560677787
0.0005564209139742083
0.0008438779315205424
0.000601880388502884
0.0005786901755332972
0.0004609084866884467
0.000864543869513585
0.0007998575579308059
0.0005205903914947248
0.0007166554239579018
0.0005851364439153243
0.0007101329504767093
0.0005422827717380643
0.0006704906614118085
0.0006517318868683292
0.0005588329767895355
0.0005642155289525888
0.0006985547638210065
0.0004496677041190408
0.0004491504466085645
0.0007594106149789535
0.0005325779817556466
0.0005448973432097447
0.0006823284743583003
0.0005685919624034029
0.0005407408355647997
0.0005526834048811917
0.0008647009486549432
0.0005166779262818547
0.0007603344941710185
0.0007843048481967372
0.0007980308054625078
0.000615276360261866
0.0005326887492542714
0.0008153975194735438
0.0008008712382941132
0.0007432564007110189
0.0007366124859534387
0.0007619620820791609
0.0006869604434560448
0.0007603344941710171
0.000635234011737199
0.000628436640235347
0.0007906940495506682
0.000994966597749764
0.0008008226327831597
0.0003992136763282918
0.0005782465248181387
0.0007328241009249114
0.0004741412451138502
0.0005728683886644017
0.000507505289264435
0.0005631861149230232
0.0006467146135767455
0.0008100474097265786
0.0006479253913951035
0.0009123330006960088
0.00043327104192928973
0.0005897804990419326
0.0009492214531339129
0.0004762896314136206
0.0005435777349407063
0.0005997012113578637
0.0006954818959435389
0.0008302099610380908
0.00047351410996839373
0.0006818512075899976
0.0005136708714018759
0.000812085800123632
0.0005962220977334641
0.00058677985349393
0.0006796902442866883
0.00039720063062233767
0.0009971475875776444
0.0003418405380784294
0.00045830546174266493
0.00035814259786751904
0.0005711169249061196
0.0007646787645508271
0.0007439676914617428
0.0004888331257917877
0.0005740962806830424
0.0006829391614381758
0.0005970227390572932
0.0006152763602618656
0.0008729555731700868
0.0009355146615823769
0.0008779357549417409
0.00048320002727919093
0.0005141915579595074
0.0008632295892483013
0.0005868337021246829
0.0005811997886425195
0.00044612896947204134
0.0007091157269676398
0.0009437268312692329
0.0007540816498453002
0.00038701800474967747
0.0005824977527209628
0.000531663875836427
0.00045462784221192
0.00042358916111718756
0.0007451283623109047
0.000798867137480363
0.0005914419517946542
0.0005909104228373529
0.0006734310148952984
0.0006474401278061163
0.0006451265633896594
0.0008961103741119377
0.00043573254693026365
0.0005987574753652323
0.0006248735065989054
0.0004552369034581631
0.0008555245188966022
0.000563924178339835
0.0004990588044371236
0.0005027939073544547
0.0009009015569953456
0.0006639794185715874
0.0007114948473257816
0.0004911769658124195
0.0008373755151629872
0.00042358916111718745
0.0005264757702191998
0.0006722860248365029
0.0004923850233969147
0.000706577887586507
0.00042590287601519965
0.0007734750697615735
0.0004434678362344826
0.0005190369510906046
0.000664915025242858
0.0008026110821924084
0.0007688052252917219
0.0005483002835129692
0.00045585012956359406
0.0005908657391859532
0.0006268324976818102
0.0005614028669458952
0.000836082716503558
0.00047582802533665354
0.0005034197113594338
0.0006043380889242181
0.0008254214419917364
0.00044800973403242477
0.0006361578784313353
0.0005430501922993867
0.0006475025664733256
0.0007331877882339936
0.0006625896322632529
0.0006139015060825656
0.0005506807892777911
0.0006881025507265281
0.0006242292766898676
0.0005215855112402079
0.0005188925891327859
0.0004900799395548372
0.0004112881365256611
0.0004232783156490052
0.0004727272597689243
0.0005039296508757023
0.0007612621403434142
0.0005856318962657002
0.0007310854423853291
0.0007251031569462576
0.0006172463290162961
0.0006663159041811716
0.0006405117892017776
0.0005824721557876038
0.000634592754898914
0.0006115960533711762
0.0005118616129178122
0.0007350751266472326
0.0007650894171249301
0.0007303214924016446
0.0005697620738837395
0.0005182021936355995
0.0005801336198165757
0.0005937911095646539
0.000634882606633851
0.0006241297089647134
0.0006186517526212175
0.00047424737231221764
0.0008852182848455223
0.00063691143421444
0.0005924975605401703
0.0007303214924016446
0.000861850544782195
0.0006818571454654757
0.0008133794536577597
0.0006040692872754617
0.0006157433278125533
0.0005812437486669591
0.000848886296872027
0.0005759783098195702
0.0005650482486154809
0.0007025778991750801
0.0005146306174624491
0.0004935542495688129
0.000571873527603909
0.0004936275189039428
0.0005284457164173703
0.0005586085077218029
0.000612187810528522
0.0007125096425127627
0.0005171518924300188
0.0008076113626646091
0.0008046463580436818
0.0005930328523080257
0.0006655122293208219
0.0007290382045744241
0.0006042721591748949
0.0004926833230743373
0.0004964502431143295
0.0007976451457488711
0.0005013292063463502
0.0005032329859555407
0.00048010865089971773
0.0008209397743974931
0.0005706727435361701
0.0005397678594498769
0.0005632487477855034
0.0005123998378895967
0.0005183221004024899
0.0004933063781422315
0.0006676532413887858
0.0005875613487113815
0.0004804925500122729
0.0008209397743974941
0.0006171923349875621
0.0009166333631192447
0.0005804884337622135
0.00047050728957846255
0.0005132929922125328
0.0004869843125337389
0.00047976928234347337
0.0007651378226890713
0.0005142353773970595
0.0006534778704321865
0.00046289771733119345
0.0008177303498006262
0.0007957701272613619
0.000621205040298378
0.0006807544125866471
0.0008728279882047479
0.0009279838172679435
0.0006015106722187652
0.0006200414121258842
0.0007198751364006186
0.0005274283092290897
0.0005126303745816272
0.0008604866776446398
0.0004851311064827356
0.0005853668713492661
0.0009715447251698603
0.0005739066005510027
0.0007548429388123045
0.0007227278052820982
0.0004241154129192978
0.0007611154765607437
0.0005395911855083405
0.0005530291076197009
0.0009242059681589532
0.0007220264941183484
0.0004488727523892745
0.0007595253911905778
0.0007762457616875317
0.000420520438754058
0.000456855456867104
0.0006648030362593552
0.0008664804117682022
0.0008099594830487319
0.0009768371946245556
0.0007629399864929308
0.0007422228674036878
0.000896705583979752
0.0005869057737344112
0.0008897542514136039
0.0005660989603797038
0.0008249127145930728
0.0004750642222199168
0.000523936390701342
0.0006199366726537762
0.000962038212915942
0.0009036995380196792
0.0006064780670461279
0.0004235649398311239
0.000596758085286234
0.0007319991261144285
0.0008862811083661104
0.0005270014168409125
0.0006915172585565234
0.000744880022131401
0.0006421667370296539
0.0007447687618985475
0.000502489777043369
0.0005925575700404197
0.0006379389677423873
0.0005501560546591945
0.0005804479763078507
0.000545847792273874
0.0006382326457371073
0.0006184505150824472
0.0006883923927698821
0.0007765662130173106
0.0006832617883606915
0.0007873776330333863
0.0006244073310160429
0.0005894832801967712
0.0006979214376608453
0.00043302046650017237
0.0005789212536760531
0.000568997677291292
0.0009567440175614222
0.0004898451069389916
0.0005043865051717672
0.0007176023545561851
0.0005231130347827474
0.000696006092080059
0.000846254424722919
0.0006987846802006476
0.0009518984545304164
0.0008283488068603024
0.0007000058276745362
0.000780026415824838
0.0006288521493700544
0.0005668259090433549
0.0007145960302759754
0.0006255931565818554
0.00057847727903285
0.000613439142890413
0.0006538618791976131
0.0005292545729525221
0.0005501138724051283
0.0005220889129842702
0.0005652671155585789
0.0008449778822398186
0.0004710799370216284
0.000531167573109113
0.0006157658429650224
0.0008216292555297293
0.0005264434623544981
0.0005703204071599867
0.0006357191617443916
0.0004718814218756151
0.0004876322797362012
0.0004970857140376894
0.0007240744745820442
0.0005593811785619561
0.0008722688804003474
0.0007468379476959378
0.0009303641274180615
0.00048160607678396524
0.0006398871624204062
0.00045923851552759007
0.0007918294364502996
0.0004827253299364339
0.0004766169627226383
0.0006101531933801847
0.0003761227426987898
0.0009224923723943944
0.0008486967330526068
0.0006087681804156095
0.000595104460765686
0.000522858008081713
0.0008076057796917555
0.0006336295681648577
0.0005514645503055414
0.0006357048681633146
0.0005570655562670059
0.0009573363671304047
0.00044943039014829194
0.0006322630230341615
0.0006106810309400722
0.0007685720767776176
0.0006389594301055524
0.0007581684455164853
0.0006467146135767446
0.0009678081418059738
0.0008459270624846136
0.0005377873496620756
0.0009881587179835544
0.00044453371418180093
0.0005701486518705519
0.0004494303901482925
0.0008356522875394912
0.000470408920587583
0.0008196847871740536
0.0005026793398554379
0.0008980484491351286
0.0006103182918514071
0.0007492880532071668
0.0009436729347737996
0.0006510828203419436
0.0007856056213197612
0.00040011646115795975
0.0007334008731544593
0.00042107790045423955
0.0006115483954609044
0.0006024839519518568
0.0009596507295841911
0.0005082793130746133
0.00071013295047671
0.000712329885374401
0.0005560841856306325
0.000520118423574174
0.0006870822483701529
0.0006867758343669975
0.0004191098587905664
0.0007978102933520618
0.00048558312768932
0.0008384696714493441
0.0004855831276893187
0.0007230551688175765
0.0003581425978675186
0.0004687081054010427
0.0005645274558358712
0.0005004582289654998
0.0005968975930983727
0.0009455895339834141
0.000623663773660119
0.0005807306268477371
0.000878901813877845
0.0004646135932458166
0.0007055888508014365
0.00092136932172958
0.0004365720497578264
0.0005444095190289398
0.0007120212932159233
0.0004229453494170054
0.0005585984635167883
0.00042327831564900565
0.0005466431462188724
0.00047272725976892343
0.0005211267288164198
0.0005538708828038861
0.0006225219115051426
0.0005614332744292077
0.0009195802472839699
0.0008398131194058585
0.0006510819672505318
0.0005113481560558376
0.0006371473311048254
0.0006763533081102216
0.0007137012177646213
0.0006219809184678185
0.0005531023128108807
0.0005981781001187444
0.0004063390679006506
0.0005343253448374125
0.0007153873971426667
0.0006566615853135556
0.000695548433900169
0.0009303283058436584
0.0008877309221348843
0.0005173149538063259
0.0006810604810083881
0.0005728000759762
0.0009287962951021474
0.0006157453146102378
0.0005974842195200872
0.0006963590969228102
0.0006162683397348818
0.0006929652576278462
0.0007013570707337935
0.00043326280283321897
0.0005264757702191997
0.0005038800891637506
0.0005589139523700636
0.000557078061035848
0.0005743886274258202
0.0005579931113234265
0.0005356757516083689
0.0005421653893713365
0.0007150326295666822
0.000802850239114479
0.0005066106337064169
0.0005040176152775713
0.0004695168323614841
0.0005323941420849734
0.0007425171316840294
0.0006877394590292746
0.0007006472813550236
0.00045794672709015207
0.0009503285576222321
0.00040582892350608715
0.0005485966413020327
0.0005530030260636965
0.0004941411235546504
0.0007584176098865986
0.0005144133063670895
0.0003581154235767054
0.0005549512178596849
0.0005987833975663085
0.0005338585957553674
0.00048150402579451757
0.0007802975106135022
0.0006264273841411038
0.0006361192110648473
0.0005276789821005845
0.0006263680165940859
0.0006143543167442028
0.0004181004351118866
0.0006564682130958511
0.0007241410810328891
0.0005862394767956767
0.0005092001389219876
0.0005146605379284252
0.0005765867036648408
0.0005850400529773992
0.0009121021709020836
0.0005499594944283713
0.0006700423298799088
0.0006384173211433791
0.0005052759600033707
0.0004961260965184005
0.00046583469667848984
0.0007429582048934592
0.0005174173660941032
0.0006108763777273718
0.0007006472813550236
0.00044529650484964427
0.000523351729662282
0.0007461716206994976
0.0007743899130723208
0.0006345118896428983
0.0005700736222177081
0.0007167241862411251
0.000868265396255973
0.0006916280227527404
0.0005063828998986046
0.0004492225847240777
0.00035197338954982664
0.0004729032952807532
0.0006668125688885753
0.0006748045301003987
0.0003836655895783649
0.0005021577482603968
0.0004592385155275905
0.0004699574281130962
0.0005143594603438666
0.000515481696093085
0.0003682989469536704
0.0005161485742792866
0.00047651504823858094
0.0004861966018242488
0.0005007966837522883
0.0006066024308151062
0.0005747723035903087
0.0004488727523892736
0.0006021899409250329
0.0005090788929682992
0.000453771644850603
0.0006705850292671994
0.0006203968846636571
0.0009557145006067885
0.0006070440126525163
0.000624007886486682
0.0007307151788098821
0.0005262308124448461
0.00040068492739174164
0.0006287703387341413
0.000823328742797265
0.0006511005472975889
0.0006354799643633734
0.0008742699476748678
0.0007010009514772514
0.0004913881092986667
0.0007887094081906071
0.0004975906956302623
0.0005991188559514509
0.0005497021838231325
0.0004793834514074152
0.0008484794656253864
0.0004649514269288935
0.0005195016317897478
0.0006257185625174696
0.00048177909039464565
0.0008193516739680819
0.00044966770411904123
0.0005007472566381071
0.0005082793130746137
0.00031140455352770516
0.0004491504466085653
0.0007645293535912213
0.0007137452623640263
0.0006128180485139179
0.00047301776364635714
0.0007627677873565009
0.0005272213316809943
0.0004880432642825616
0.00047906101827721375
0.0004694238321254337
0.0004724118615932857
0.0003184306476112361
0.00046870810540104225
0.0008385878968043218
0.0005619434436724756
0.0006091013738615254
0.0007121026735581708
0.0005329622666341311
0.0005249924412501366
0.00047844032010813
0.0007716612865987936
0.00048716087811269924
0.0005506208662736727
0.0007079303910285376
0.0006775286884494782
0.0005705617664067316
0.0007075337788762647
0.00044922258472407796
0.0004826285636319811
0.0005362614359234296
0.0005691233425857713
0.000428672411631617
0.0004694238321254337
0.0005204217792505071
0.000601323488239814
0.0005949666660903488
0.000544588819393072
0.0005571825181558054
0.0005242554748790393
0.000503767510325148
0.0004819193529283219
0.00047241186159328527
0.000579289243429917
0.0003148099204952721
0.0003566375183138746
0.000341840538078429
0.00035663751831387504
0.0004528523669939293
0.0005540566013226226
0.0006281196734852414
0.0005624513939422396
0.0005402542607679554
0.000640998642516202
0.0005341118529994097
0.0006586866187605726
0.0006011148533999738
0.0005470943353047318
0.0006838078181132558
0.0006497697238327144
0.0005439818392806955
0.0009782444699568342
0.0006565311253366826
0.0005645616059193556
0.0005202170013424165
0.0005518050604336076
0.00043858244129065405
0.00046526829557727925
0.000573238879039777
0.00047581904491517503
0.0007830713893141856
0.0004885343349472649
0.0004992010249856283
0.00044834802182870497
0.000793142193040457
0.0004306938648971216
0.0006471101470257382
0.0005722391930989286
0.0007687884796488387
0.0008433026160020295
0.0008724340724344604
0.0007549125883331439
0.0004234585349610954
0.000669351348222562
0.000435603355929271
0.00045947819705075086
0.0005583071171145779
0.00047575560575308464
0.0008167568482340279
0.0005755654394850301
0.0005082042967069308
0.0004324998245501654
0.0005272054499632325
0.0006305823055408441
0.000514599460859109
0.0006791420904448665
0.0004835562277330881
0.0005367362006143336
0.0009154325956747389
0.0007914537698175755
0.0005875588040063703
0.0005755654394850303
0.0007448322409982289
0.000577367819640357
0.0008381751806970941
0.000501706152202166
0.0008457333462231304
0.0005166083327631803
0.0005658134987496328
0.0005566538710026674
0.0005367236781778583
0.0008337074694076841
0.0005108156731815365
0.0006683324821730894
0.0005821982832235269
0.0006696136682771484
0.0005372200120475415
0.0006113839299196834
0.0005697204637412233
0.0005012774976939575
0.0006426036373307835
0.0006309022242898202
0.0004946457971810891
0.0005250402093009143
0.0008382189018769996
0.00042749331724040564
0.0005260296710193251
0.0005579448728099301
0.000576685099290208
0.0006582135981083471
0.000765491534993736
0.0004829489580002609
0.0008698306570188831
0.0005521272273113064
0.00041878807069429896
0.0005983399634634629
0.00047742464558325585
0.0007116968081869591
0.0005285441388608535
0.00044310374776479044
0.0005697683012847875
0.0005015002057003992
0.0004927543305963157
0.000536403340714063
0.0005426506321567185
0.0008021866318198019
0.0009919437106922823
0.0009989960520627
0.0007927028706156596
0.0007252545263222065
0.0005278640241742211
0.0008956674246449882
0.0005745595605341234
0.0005346417574514937
0.0008899473203212269
0.0005813256477344726
0.0006153368872582624
0.000560201261650379
0.0007379337392305466
0.0008669155687858713
0.0005318506710668572
0.0006773576658143027
0.00046731945085387333
0.0004977571479028827
0.0005234230910168775
0.0007451951587072924
0.0005545440542492815
0.00047927524071212166
0.0006773576658143027
0.0006263177868887134
0.0008520296884045337
0.0006453019279619059
0.0004431955891197562
0.000977618832659195
0.0007348665190774759
0.0004990526154968753
0.0004686755007065144
0.0004431955891197564
0.0006814946991861193
0.0008414091636080381
0.0006787573783253471
0.0009302864230178475
0.0006945902339281448
0.0004917684777569894
0.000551629363865746
0.0005588222534887409
0.0009072860981804024
0.0007534765139164512
0.0006608241207413266
0.0008428724233257414
0.0005049866803725545
0.0007341644528929122
0.00045934959048745836
0.000504986680372555
0.0005588222534887413
0.0005430782388794635
0.0005853154109145553
0.0006715068503664637
0.000504049853799793
0.0006814527904503869
0.0005158380658412546
0.0007326619474263087
0.0004975265477792381
0.000630469612233892
0.0008006132730546285
0.0006469961577528723
0.0005820663009185368
0.0004677427954368895
0.00048168459463653925
0.0007478643412765194
0.0008891450978391285
0.0008615256112107382
0.00046113460381410156
0.0006866869751615966
0.000486270965653204
0.00046113460381410156
0.0006428285865113276
0.0005792518008583924
0.000752562215305418
0.0007701651842187309
0.0006674656674920277
0.0008117779474005387
0.0009170848067605077
0.0009327214880146175
0.0004956082083092362
0.0005341959783796706
0.0005915657967240238
0.0007631381052646424
0.0008966325051262482
0.0009105842459800075
0.0004907345968183224
0.00047519393662884865
0.0004528523669939284
0.0007765313098780707
0.0006183888752667697
0.0005901569911531599
0.0006760509374918707
0.0006304876353154286
0.0006009594898025761
0.0005528702862231376
0.0007221485451431179
0.0005776206906959588
0.0005689296628086435
0.0008663451757972586
0.0006831484425897259
0.0006745786968287096
0.0008809603529389607
0.0009023160789211559
0.0007713170590240908
0.0004638993562078317
0.0005182308400638628
0.0004983712179716911
